0.507214
1.172582
-0.060243
1.231144
-1.972147
1.426199
-2.500937
-0.390573
1.897444
-1.473478
1.491236
1.753150
0.635838
-0.663649
0.318331
-0.016988
-0.817904
-0.413372
1.506380
-0.623056
-3.313731
1.227696
1.026169
-0.471972
0.436170
2.406153
0.875546
-0.689130
0.693070
0.947950
1.904724
1.176746
0.457370
-1.596878
0.605440
-0.629572
-2.596131
-2.515951
-2.044719
0.392410
2.249097
2.650448
-0.135115
-0.977573
0.937842
1.585167
-0.344700
2.291301
1.246147
1.792769
2.506851
-0.089236
-1.902497
-1.052558
0.412332
0.574618
-1.072307
-0.775455
0.789292
-0.289581
-0.180233
0.300407
0.483293
1.354737
0.775671
0.935374
-0.136473
3.039466
0.881548
2.188053
1.980426
1.899312
-0.621953
0.158512
0.758341
-0.069610
0.294603
0.444662
1.762200
1.077308
-1.454639
1.649826
-1.378971
0.830939
2.960788
-0.158663
-0.977289
-0.079891
2.469931
-0.645272
3.321530
0.603664
1.119599
-0.743927
-0.775491
-0.720804
-1.638583
-1.115005
-2.502666
-0.397434
1.662898
-1.137319
-0.519360
1.174183
0.038762
1.729439
0.844835
0.104324
2.955482
-0.030873
-1.204944
-0.604584
1.632318
1.915838
1.634366
-1.861299
2.747857
-0.130293
-0.853929
-1.439284
-1.198009
0.546746
0.499644
-1.252147
0.674196
-0.440829
-0.782462
-2.713353
-1.195866
0.629224
-1.129050
0.165884
-0.926657
0.778353
-0.198898
1.584245
0.685210
0.796702
1.135700
-1.051013
-1.755638
-1.020612
0.812104
0.015812
0.195951
1.184647
1.502102
1.720780
1.385474
0.473499
3.360565
1.339533
1.817056
0.021181
-0.539107
-0.175772
-0.941060
-0.769057
0.391475
1.509631
0.006083
0.432444
1.761507
2.902062
0.376774
0.926830
-2.466136
-0.932269
3.123760
-1.153643
2.772291
2.713963
0.154058
-1.396922
3.964340
1.687071
2.840684
-3.363912
1.915539
2.448298
0.081692
-1.589228
0.556558
1.010458
3.002633
-1.411794
0.574574
2.193393
1.297146
1.373236
0.100849
-1.355889
1.335255
0.147820
2.708301
2.054054
0.579321
1.740414
3.630389
0.458401
0.306580
0.690588
1.205441
2.452815
-0.067308
1.031220
0.206028
-0.397964
0.134458
-1.019119
0.632620
1.590172
0.067846
-1.510003
0.915935
0.988862
0.994958
4.389342
0.531775
-0.301474
0.001609
2.953917
0.386417
0.358618
-1.657701
1.113286
-2.229774
1.120171
1.930634
0.729551
0.463321
1.258979
0.207042
1.369062
-0.549096
1.171067
1.092147
0.432888
2.057715
-0.525941
-1.672674
1.601892
-1.030392
0.056682
1.428370
3.826815
-2.001910
0.211793
-2.619785
1.294923
-0.838547
-0.461767
0.361135
-1.001046
1.674484
0.518434
-0.895458
-0.323030
1.450496
2.649217
1.244549
2.615002
2.181524
1.571945
-0.613058
0.338151
-0.043545
0.020235
-1.609744
2.096256
0.766552
-1.774105
2.110705
1.081989
-0.701786
0.084569
-0.320173
0.693341
-1.684873
2.988167
1.234138
0.348083
-0.248934
2.931662
-0.851341
0.518376
-0.612768
1.840138
-1.201644
0.597013
0.177849
0.743481
-0.364821
1.515148
-1.133769
0.805239
-0.660465
0.777907
0.647205
1.456840
1.596104
0.653601
-0.083053
-0.635215
-0.105519
3.273402
1.993579
-0.143143
0.208567
0.632905
1.778039
1.259616
0.339066
-1.660092
0.819255
-2.439303
-1.534557
1.835820
-0.524727
0.545626
-1.310023
-0.612844
0.105642
1.693844
2.149977
1.376370
0.829119
-0.400887
-0.781323
0.693874
-0.336668
-3.085295
2.732605
1.558617
0.947121
1.900984
-1.591627
0.855619
-1.299490
-1.748684
-0.386533
-1.485940
4.010025
2.258485
0.414120
-0.577947
-0.517096
-1.047009
-0.072448
0.766085
-0.489231
-3.036081
1.655636
4.100996
1.299326
-1.687264
1.473066
1.882818
0.685153
1.445889
0.882390
-2.304369
-0.067237
-1.964005
0.038398
3.848927
1.977557
0.610328
-0.245443
-0.309807
0.163155
2.702912
-0.122438
1.905127
0.674397
2.068184
-0.522448
0.129365
3.306394
1.807923
3.518909
-0.347573
-2.039978
0.127175
-0.629170
2.205007
-0.244294
3.314630
0.717470
0.297490
-0.124182
0.363689
2.008142
1.280324
-0.955637
0.207030
1.145783
-0.237193
0.991895
-1.998773
-3.990852
1.395032
1.042466
3.469867
-1.158380
1.869953
1.814134
-0.348776
2.036924
1.130894
0.006964
0.862987
2.245066
0.662017
-1.134308
-1.652401
0.233138
-2.607290
0.164826
3.622507
2.054695
-1.034581
1.802563
2.079540
1.363505
0.794815
2.780107
0.389821
-0.353449
1.445987
0.987612
2.326871
1.134434
1.625175
1.992602
-1.233269
2.139622
2.778088
1.724776
1.478778
0.109146
-2.834249
0.121774
2.657285
-0.493036
0.492346
0.933777
-2.195716
-0.739244
0.857226
2.123725
-0.330829
-1.623064
-0.487700
0.198295
2.432340
-1.327071
-0.890218
-1.424551
0.602528
1.861229
-2.393456
0.421243
1.229243
1.761108
-3.011168
0.891906
-0.309983
-1.438220
-0.544411
-0.052803
2.114256
-2.107434
3.212768
1.222186
-1.598144
0.948785
0.637176
2.009134
2.030883
1.188260
-1.076649
-0.723634
0.617918
-0.974534
1.390013
0.248279
1.120947
-1.208170
0.556365
0.817693
0.707341
1.659207
-0.286507
0.805001
-0.511704
1.865930
0.256267
0.689377
-0.825605
2.674731
0.265756
1.518402
-0.930562
1.995067
0.160148
2.240782
-1.315165
2.061184
0.577189
-0.719651
-0.646882
-2.116140
2.044861
0.752231
-2.879085
0.601226
0.995635
-0.164762
-0.707722
1.963626
0.411598
1.454539
-1.337667
1.202758
-0.748627
-0.417253
-1.830076
1.514407
2.152979
1.641605
0.309963
1.763154
0.440852
1.652783
1.983483
-1.296409
-0.937660
-2.209393
1.245303
-0.751550
0.870201
0.530220
-0.399945
-1.031253
-0.147099
1.353403
2.550388
1.566358
0.708136
1.167536
-0.195802
1.507715
-0.385035
2.540638
1.743378
0.216555
-2.173903
2.139799
-0.161936
0.543388
-1.211132
1.244502
1.119316
-1.172566
-2.469885
2.335304
0.300538
1.546104
-0.964274
1.319810
-0.310078
1.614610
-0.120122
-0.856878
0.622660
-1.993220
0.151061
-1.117822
-1.929842
0.665083
-0.742909
-0.583847
1.572190
1.083751
1.337583
1.094814
-1.437921
-0.131536
-1.381859
0.122021
0.643569
-2.046643
0.793962
-1.854356
0.647844
0.296312
3.245802
1.965887
2.485332
-0.045264
2.540937
-0.599674
-0.289576
-0.186611
1.002694
3.610926
0.068762
-0.147360
3.116463
-1.347680
-1.024701
-2.638657
-0.433418
-0.809119
1.472843
-0.372158
0.873346
1.256000
1.566710
0.703761
-1.195919
0.595721
-0.335908
-0.396770
2.587644
-0.066416
1.280901
2.387586
1.040547
1.246095
-0.076899
-0.215643
0.653299
-0.568550
-2.585152
1.403978
1.146068
0.406500
-0.813916
-0.314176
1.960937
-1.965401
-0.292987
-2.265961
1.153106
0.390169
0.474748
0.737252
1.301527
0.931772
-0.026812
2.859611
0.470993
1.240224
-1.098731
0.736786
1.484834
-0.606907
0.126810
1.369463
0.350895
0.000399
1.976130
-1.163052
1.924972
0.100942
1.555165
-0.754700
-0.226316
-0.459274
0.940463
2.072448
0.820768
0.019921
1.276073
0.392506
-0.014946
1.732105
0.595862
0.773793
0.122703
0.004655
1.890647
2.106398
-1.171143
-1.851273
2.486898
1.299509
0.861962
-1.819842
-0.262919
0.061334
1.911303
2.101756
-2.325792
-0.836132
-0.183285
2.849005
-1.521424
-0.107260
2.710387
-0.448100
0.053893
-0.775200
-1.755780
-3.038225
-3.828295
-0.294801
1.232046
-0.578955
0.751938
0.764996
-0.683333
0.431642
1.183057
1.908797
3.450926
2.110503
2.174081
2.200084
0.850839
0.510778
0.934192
1.091231
1.378783
0.158336
0.143930
-0.256384
2.862988
1.346021
-1.950672
1.141523
3.147724
1.352485
3.007953
0.199112
1.416679
1.825142
1.219085
-1.247871
0.502527
1.108478
1.120514
0.096199
-0.619329
-2.276911
1.655103
1.874580
1.215927
0.533640
-3.414511
-2.102398
2.902492
0.367684
0.247576
0.841881
0.614401
-1.313587
2.120250
0.832739
0.328556
3.081135
1.009019
2.910332
2.294758
2.581536
3.545783
2.957652
-1.018449
0.047405
-0.900583
-0.469724
1.488762
-0.274497
-0.091757
3.273221
0.034061
3.258362
2.826934
-0.487218
0.695199
0.048004
1.458720
0.229194
2.110383
0.105962
0.094935
1.440500
1.007509
-0.579179
-2.340856
1.919834
2.893064
0.715984
-1.034990
-1.156953
2.009699
-1.366309
0.244535
1.988055
-1.827635
-3.562008
1.317326
-1.266259
2.282801
1.474835
0.658671
1.985667
0.904741
-0.644496
-1.834252
2.070848
1.260483
2.725664
-0.208668
0.252794
-2.350997
-0.221024
1.554103
-0.657359
-0.888546
0.698968
-0.157570
0.801564
1.321129
1.174537
0.891385
0.539022
-0.690965
-1.809587
-0.484495
0.041763
0.448252
-0.912865
0.551423
2.784276
0.381048
1.545681
0.565007
-2.288047
0.637254
0.136977
-0.180911
-2.040773
2.247354
0.340694
-0.221220
-1.402669
-1.412642
1.108984
1.409747
-2.384470
-1.696811
-1.238912
2.745947
0.101451
-0.981824
-1.578519
-1.165990
-1.287946
3.527276
-1.496680
1.410690
-1.199415
0.775791
-2.007035
-0.168980
0.820237
0.050589
3.062389
3.097423
-1.697057
0.776785
0.574932
-2.286330
0.233464
2.546216
2.017326
-0.681501
-0.805332
0.088888
0.890335
0.989596
1.776544
0.461606
-1.496121
-1.142210
0.473789
1.383222
2.097045
3.056491
2.977007
0.000592
2.813585
0.558698
1.907827
-0.465343
2.263815
-2.696906
0.318036
1.545349
-0.173964
-0.676564
-0.615402
2.023027
0.140063
1.340647
-0.890575
2.074040
0.269993
2.721944
-2.067070
-0.902708
-0.507916
-0.533123
0.283634
0.155792
-0.059873
-2.197414
0.929270
0.208936
0.183957
0.494612
-3.062459
2.083150
0.426469
0.843219
4.712478
-0.132130
-1.343372
2.995670
2.633605
1.755606
3.597095
-2.851532
-0.447683
0.290674
-0.460832
-0.716459
-0.084092
-1.766425
0.844266
-0.878304
1.460924
-0.191010
-2.127735
-0.752211
1.068220
1.041267
0.668518
0.753799
-0.542613
-0.702484
1.267112
2.308892
0.335233
-1.403998
-1.538106
2.205707
1.940204
0.484530
2.621373
0.164659
1.038890
-0.724852
2.670666
1.960951
-0.375153
1.854976
-1.379360
-0.254191
2.077758
-1.733678
2.063109
-0.195007
-0.298189
0.762921
2.416631
2.203310
-0.021484
1.711947
-0.892824
0.251393
0.249255
-0.795106
-2.381344
1.445235
0.609373
-0.107899
0.564920
0.936301
1.784510
-0.488895
0.432727
-2.209349
3.446899
2.204474
-1.013894
0.033155
