-0.550081
0.533835
-2.160606
-0.285785
1.096911
2.072016
-0.600179
0.015955
0.139005
0.156477
-1.159555
0.412630
0.475452
-0.884820
-0.638299
-0.786813
1.766206
-1.996868
-0.498974
-1.144893
0.718693
0.724284
-0.460591
-0.302195
-1.207768
-1.251995
-2.841020
1.027882
0.366033
-0.652847
0.137109
0.017522
3.507808
0.414633
-0.688080
0.954061
0.437926
1.345893
1.231217
1.548586
-0.716774
-0.172069
3.649427
0.705249
1.920183
1.861126
1.660445
-1.536093
1.063054
-1.328100
0.306968
0.945052
1.540782
0.411151
1.224313
1.198531
1.885979
0.689352
0.870213
3.138796
-0.277815
-0.568955
0.483120
0.537104
-1.192604
-1.538997
0.410665
-0.672248
1.606172
-0.141999
2.415848
-1.146021
0.918675
1.132640
-2.195950
-0.215308
-0.817001
0.676412
-0.238901
1.064438
3.075783
-0.548779
1.985130
0.458709
-0.531705
0.203308
-0.512121
2.094303
1.344492
0.176551
3.494036
0.567908
0.234572
2.121034
0.769317
0.860778
-0.829538
1.383641
-1.506602
1.532438
0.324813
0.145726
-2.915270
3.276306
0.492148
1.283698
-0.456823
3.172725
1.575297
0.373293
1.379177
-1.219529
1.246710
-0.901497
0.486988
-0.826429
3.055749
0.022782
0.886953
-0.464250
-0.359826
-2.366629
1.299502
-0.108969
2.275831
1.610321
-1.579332
1.650596
2.890961
1.002860
-0.706231
1.311567
-1.217878
1.152566
0.661011
1.505074
0.077140
-0.020510
-0.286600
-1.639036
2.380195
1.996562
-0.504661
0.906263
0.115625
-0.702284
0.003370
2.522142
-3.087061
-2.310816
1.052761
0.085456
4.088900
0.732213
-1.216829
0.177203
2.170804
0.331633
1.187831
0.858126
-0.876269
0.531811
2.317212
-2.195109
-0.206221
0.174125
1.694880
2.028236
3.214445
0.127351
2.503492
0.269485
-0.839253
-0.643566
-1.592696
0.342837
-1.031141
3.836662
1.229086
0.199745
-0.265657
-0.900464
0.119622
-0.292823
1.629658
2.038504
-0.573882
-2.746890
2.422470
-0.573263
1.417404
1.368852
0.849584
2.152323
-4.005094
-0.370113
-0.086241
-0.484251
-0.455104
-1.921280
2.769091
3.491685
2.420806
-1.418366
-0.500633
3.386539
2.879538
0.716736
3.339286
-0.055600
1.804899
1.570071
0.602244
1.987883
1.735833
-0.054595
-0.336028
0.432663
2.959369
-0.666964
0.840186
1.344121
-2.404202
2.062715
-0.520441
0.839605
-3.194423
1.258986
0.316650
-0.361683
-0.492740
1.031063
1.457780
0.085007
3.487364
-0.199411
0.924809
-0.789980
3.634055
0.856321
3.325113
0.664205
0.952565
-0.102700
-0.289121
1.731648
1.518714
0.310401
0.713690
-0.155811
-0.348280
2.183674
1.119119
0.143401
2.113210
-0.893222
3.560307
1.695238
0.057914
-0.149669
1.380734
3.043148
1.253159
1.059165
-0.046704
-0.582795
4.047536
-0.637334
3.354426
1.000075
1.605172
1.895129
1.488822
0.226578
-1.535657
1.064759
-0.312385
-0.235006
-1.498600
2.100915
-1.312786
-0.308886
1.715524
0.147382
1.062179
0.273247
1.606881
2.533747
0.161298
0.381975
2.143715
0.406159
-1.645548
-0.922257
-0.955866
0.511060
0.130032
0.993741
-0.537651
-0.365410
-0.780185
-1.258435
1.763051
-1.362302
1.740883
-0.164866
2.672935
0.128810
-0.062741
3.584894
-1.370431
0.258753
0.939614
-0.859014
0.007105
4.034776
0.044120
1.462516
0.276860
-0.078011
0.663019
-2.504324
1.729844
1.565471
-0.417725
1.852561
1.487005
0.700965
3.016783
1.869358
1.544545
0.056265
1.935758
-0.148648
1.384772
-0.645029
-1.004839
1.161303
-0.463813
-1.129638
1.938767
2.103006
2.286557
2.819623
1.259832
4.732703
0.002374
3.266230
-0.931929
-0.845826
2.420162
-0.751231
-1.162305
1.467179
-2.054878
-1.955252
1.802197
1.608601
0.823320
0.433808
1.371777
0.846264
-1.850492
0.592869
1.849825
-0.779535
2.151666
-0.754209
3.350240
2.546790
-0.700438
-0.100605
-2.418452
1.537278
-1.006269
4.114452
-1.311697
2.513433
2.240776
2.568105
0.615453
1.152658
-0.948157
0.962757
0.586915
0.912321
-0.149282
3.675510
2.339345
-0.053915
-2.036263
-1.421632
1.254575
-0.028702
1.626438
-1.915080
0.985758
-1.225046
-0.166889
1.059142
0.012754
2.630446
0.662822
0.767136
-0.026542
1.381306
-1.033808
-1.209160
-0.092142
1.241061
1.994658
0.018223
0.346403
-2.127379
0.216142
1.517273
-0.496457
-2.988266
0.372678
-1.264469
1.339794
-0.428009
-1.679183
2.733759
2.052363
1.622093
0.107705
0.108820
4.653658
0.691901
0.492011
-0.061495
-0.582100
1.675045
-0.543335
1.241425
0.182701
-3.802779
1.154066
-0.712445
0.032194
-0.417545
-0.425686
-0.015077
0.991344
1.315811
-1.154300
2.174689
0.843530
-0.364115
-0.484336
0.880112
-0.827345
1.315196
0.700170
-0.550732
2.353745
0.906907
-0.082004
-0.155067
4.075072
1.238435
0.360159
-0.599802
-0.248587
-1.656300
-2.363952
1.912004
1.634185
2.242009
1.692395
0.265729
1.925906
0.304894
-1.371965
0.215392
0.408903
0.007895
1.256440
1.258787
2.338518
2.323026
-0.799141
0.414021
-0.305583
-0.239795
0.533194
-2.715008
0.889879
0.364466
-1.910881
3.050958
1.670138
0.792027
-0.379347
-0.774068
-0.071448
1.706665
0.834139
0.177865
0.704700
-0.020124
1.306099
1.592028
-1.029664
-0.837546
0.431681
0.283122
0.222630
-0.715513
-1.909997
-0.574830
3.409134
-1.922162
1.150051
0.459287
-0.289887
-1.783617
0.644814
0.344346
-0.339004
0.597933
0.868550
-0.132528
-1.721003
0.719375
-0.928706
0.480328
1.554541
-0.496687
2.550521
0.079049
-0.654001
2.857548
2.740869
0.905789
-1.105533
-0.024395
0.100412
0.330129
1.073128
2.871067
-0.401758
-0.072526
-0.748957
0.208783
1.505077
4.205822
1.957940
-1.138849
1.374652
1.884750
1.136114
-0.237706
1.162709
2.720429
1.563858
1.639002
2.213116
3.788036
-1.013256
-1.952147
-0.057276
1.344637
-0.726274
0.393313
-0.584512
2.151273
1.172820
-0.057835
-1.921551
-1.111134
1.335054
0.248782
-0.538737
-0.444847
1.327799
-0.551680
0.836846
-0.668214
0.547907
-1.297817
-0.288292
0.573530
2.115592
3.778420
-1.123400
-2.396287
1.999367
0.523066
2.403443
-0.027271
-2.241332
0.336804
-0.233836
0.994383
-1.268764
0.576716
0.058694
0.514948
-0.793726
0.814255
0.871942
0.052806
2.342915
0.487237
2.629127
3.004940
1.071249
1.315636
2.499641
-1.439243
0.797621
-0.058149
1.258502
-0.790177
-1.171949
2.559743
2.546799
0.267971
1.651700
0.190781
2.699971
-1.963288
0.974303
0.626192
-0.196407
2.285198
0.773462
-0.576380
-2.874835
0.423271
3.828583
0.224981
-0.803057
-0.803921
0.707437
1.378895
-0.744139
0.309807
-1.257571
-2.032266
1.917168
-0.110734
1.272740
-0.032905
2.637077
1.106808
-1.842196
0.968459
2.721955
-0.846213
2.289753
1.345489
0.322889
-1.828228
-0.981337
-0.557214
1.769875
-0.515074
-0.525263
-0.493821
0.677225
2.005467
-1.630027
-2.687286
1.205340
0.646470
-0.533751
-1.339842
-0.092271
2.782059
1.887816
0.583592
-0.044773
0.613148
0.387352
3.113189
2.250829
2.036133
-1.642226
0.010039
3.001753
1.866176
2.311318
-1.735408
0.937982
1.567160
-2.161561
0.840576
-0.378970
1.904470
2.100346
2.825877
1.250053
1.174679
0.336340
0.185116
2.077738
0.916424
0.352494
1.804756
0.083339
-0.274958
-0.094580
2.943929
0.598753
-1.481391
1.095698
-1.284197
2.697715
1.254154
-1.248181
-1.748992
0.757394
-1.359981
1.466868
0.790028
3.254346
0.769706
-1.365917
0.873495
0.937201
-1.331733
1.914221
0.993298
0.918843
0.623494
-0.659813
-0.402597
-0.401220
0.752940
0.113352
0.425524
2.441037
-0.418042
3.137955
-0.952894
1.931038
0.486179
-0.380877
-0.369717
-0.669368
-2.967762
-1.750870
-0.606501
0.770901
-0.282268
-0.262906
-0.970959
1.092753
1.008972
0.663445
1.043971
-2.335131
0.901700
1.590592
0.695830
3.456356
2.167598
-0.578206
2.314547
0.203418
1.336049
0.748632
-0.270172
3.735140
-0.234918
3.682644
1.466032
3.392382
0.370337
0.720192
2.561461
-0.564904
-1.054484
-0.103601
-2.506113
-1.126279
0.575159
1.184451
0.809845
0.218169
3.227827
0.050281
-1.555499
2.433224
-0.289980
-0.227004
-1.951115
2.721063
2.041425
-2.673782
3.032712
-1.485547
-2.156945
0.938400
-0.250615
0.707434
0.691300
3.182121
4.191544
-0.709188
0.422187
0.539521
-0.120796
-1.920124
1.956639
-1.756297
-1.632360
1.070702
0.688575
0.507183
0.940690
0.067395
-1.075093
1.976979
-1.571365
-2.233371
-1.430716
-1.050604
-1.797587
1.337277
0.901634
2.657663
-0.603707
1.281404
-1.204194
1.747050
1.505451
0.064103
-1.153325
-1.437628
0.992252
2.298971
1.699043
-0.361837
0.674989
2.734139
1.051438
3.983646
1.534637
-1.384290
1.436140
1.211386
0.826312
-0.242756
-0.191007
-0.221046
0.331621
0.024840
-3.006971
-0.192898
-2.041779
-0.250835
0.257737
0.795513
1.133172
-0.768560
0.660055
2.952691
1.462090
-1.350549
0.696001
0.311127
0.931895
-0.902688
-0.582092
0.813667
0.386530
1.172651
-2.354145
-0.118984
-0.074299
2.722965
0.679504
2.448918
2.221684
2.097680
1.873964
2.930268
1.687439
-1.706287
-1.519758
0.816163
0.246290
1.356412
-0.822503
2.105539
-1.102566
-0.220375
1.535451
-0.679398
-1.521904
0.051035
0.198585
1.666520
-0.037665
0.978752
0.962181
-1.354081
0.622601
-1.002909
2.277985
0.197026
0.799688
0.900012
-0.885746
-0.822973
1.423951
-0.355347
1.907949
-1.514169
0.649303
1.140964
-0.421294
1.199198
0.619390
1.027999
-0.871899
0.976183
-0.908586
3.277624
2.581511
2.103117
-0.565208
1.195231
-1.161997
-1.400657
1.972713
-3.160998
3.576705
1.663979
2.645468
-0.570323
-1.305845
1.129665
0.007734
0.501568
0.561173
3.700878
-0.988234
0.430033
1.787957
1.218958
-1.007884
0.112600
0.285858
-0.248977
1.809164
-1.482487
2.848803
-1.375069
-1.800102
-1.996758
-1.172547
0.561465
1.980395
1.753461
-1.280015
-2.658005
0.145989
2.261759
2.331369
0.252114
-0.301505
1.999055
0.252214
0.584487
-0.987391
-0.275783
-0.378031
2.152628
3.155871
0.839352
1.834713
0.821728
3.304765
1.293095
0.327936
0.935882
-1.137246
0.568264
-1.479478
1.563609
2.295853
0.087988
-1.015595
1.133735
4.365384
0.679531
-2.810572
-0.074289
0.787338
1.520755
0.663127
1.417911
-0.083547
-0.308697
0.893273
-0.282360
3.663967
-1.378123
3.719810
1.868923
0.378381
1.020505
-2.045217
-1.927036
-0.929614
1.538954
0.950585
1.710416
2.024277
1.446855
0.627133
-0.513476
-1.683987
-0.293657
1.768691
3.173498
2.519398
0.010111
-0.392561
1.752689
-1.419826
0.203296
0.040328
-0.447946
0.545670
2.332274
1.550476
0.841179
1.810609
-1.371992
1.735243
0.389678
0.738598
0.146217
-0.086889
1.252000
1.332602
-1.528608
-3.292706
-0.728454
-2.228899
1.636673
0.976893
-0.929573
2.617567
-0.964338
0.842235
0.091131
1.703447
1.647822
0.947531
0.891623
0.320206
1.379385
-1.373878
0.486943
1.776674
-2.177741
0.651506
-0.346423
-1.655601
-1.198275
1.827408
2.756865
1.481007
0.431075
1.878200
1.593735
2.536132
-0.992088
2.617032
-2.241596
-0.734535
0.353593
1.228121
0.403452
0.943638
1.524604
-0.340948
0.799051
-0.343261
0.314405
1.707102
0.838226
1.587007
2.613698
1.239182
-0.737222
1.785935
1.601992
0.582425
2.280648
-1.668008
1.450008
-0.396326
1.995882
2.957394
1.864127
-0.463121
2.240872
1.164059
2.038608
1.045759
-2.692978
-0.368732
-1.272818
1.038330
0.118261
2.723974
1.167212
-1.469214
-1.268305
-0.252521
2.181952
0.422939
1.809795
-0.043620
0.193861
1.073556
3.526471
-0.067047
2.283148
0.978598
-0.103779
0.554002
-1.092578
2.293296
2.406577
0.740117
0.691472
-0.898881
2.888236
-0.910246
1.720659
-0.687836
1.352721
0.726822
1.985760
0.719402
-0.048942
-1.728980
-1.593996
-0.643968
1.294762
1.338284
2.186172
1.645825
3.176442
1.360203
0.248290
0.054584
2.129807
1.872437
4.202191
1.073194
0.558881
-0.123423
-1.818710
1.033525
1.545650
0.840400
1.166768
-0.299846
-0.001024
2.116466
1.141806
5.324275
1.446442
1.217546
0.071460
-0.443742
0.742894
-0.933005
1.363747
0.580837
-0.514118
0.668922
1.290311
0.704654
2.068344
1.313577
-2.488723
-0.184312
1.570672
-0.325793
0.657592
-0.344352
0.431471
2.063949
2.749065
-0.301709
-0.944025
-0.738848
-0.649812
2.578008
1.527485
1.766277
-0.340775
1.433309
0.476737
1.525728
-1.123974
-0.448687
-0.215385
-1.851363
-0.593563
0.076619
-1.733714
3.160596
2.482736
0.172835
2.354398
2.690240
1.501956
-0.617040
2.339650
1.171636
0.918979
2.214687
2.054949
2.904088
0.390156
0.005756
-0.470980
2.929074
-0.461890
-2.156499
0.590172
2.694327
0.907211
3.586856
-2.267049
-1.185225
-0.659769
-0.447586
3.855058
0.846252
0.973355
0.492285
1.270689
2.580375
1.376702
2.256365
0.434403
-0.381768
1.175231
0.784403
1.453961
0.831033
3.128806
1.012528
1.379954
0.414918
1.823330
0.163180
-0.698165
0.503287
0.090695
1.051983
0.490053
2.298933
-0.368566
0.353156
1.592809
-0.496448
-2.892699
-0.526641
1.128798
0.516423
-0.271530
0.267420
-0.511356
2.336864
-0.372727
-0.894851
-1.386912
0.741233
1.735093
0.722422
1.492364
0.176226
0.680541
-1.498514
0.584098
0.084316
-0.060883
2.215405
-0.351918
0.233723
0.061542
0.608759
-1.620100
-1.384472
1.035119
2.881377
-0.605976
2.806827
-1.291766
1.818310
0.861415
3.369139
0.262004
-1.607784
2.919877
0.539678
-0.912279
-0.897777
3.724667
0.978427
1.058160
0.091499
2.481715
0.160921
1.992301
-0.512839
-0.457809
2.173722
1.022577
-1.713930
0.905562
2.205441
1.858519
1.294355
1.132425
1.636749
1.567968
2.216078
1.887293
1.030425
-2.604858
-0.129054
-0.090795
0.301460
0.798769
3.501156
0.521988
-0.807849
-0.615089
-0.206399
0.471637
3.033049
0.113366
0.334368
0.595873
0.777614
1.342205
1.735980
1.463989
-0.108148
1.555943
-1.353225
-0.227521
0.485303
-0.917445
2.828701
1.229061
-0.051642
0.271732
0.798361
2.258666
-1.466414
3.220232
0.764287
-2.461984
-0.340263
0.056746
-2.073499
2.126064
-1.913296
-0.452277
-0.161677
-2.864506
1.513154
2.227335
-0.414820
2.162188
-1.699657
2.926295
2.080566
0.510218
-1.173467
0.854119
0.282501
0.003254
-0.068967
-1.409378
2.121180
1.019475
2.808861
0.476711
-0.833021
-1.301720
-0.405472
1.283102
-0.851804
-0.061532
2.881089
0.621606
-1.081286
-0.164286
-0.460393
0.585348
0.340674
-0.723364
1.132401
0.338846
2.017905
2.690045
-0.187887
-0.601540
2.623718
-0.030167
-0.506965
0.976364
0.982628
0.764847
1.483264
0.467282
0.321849
0.213900
1.630337
-1.020030
-0.441910
0.017416
2.032331
1.450261
2.685699
-1.927545
2.291728
-2.436048
2.064558
-0.102097
0.392376
3.026698
3.102883
2.094041
-1.150072
1.131631
1.581241
1.099718
0.057734
1.240271
0.260116
1.572239
-1.053524
-1.498990
2.478221
-0.588986
2.883330
1.550420
4.706093
1.563535
-0.732664
0.671191
0.887431
-0.396521
2.153174
1.092123
2.780152
0.162323
1.809906
1.062799
-1.415848
-0.252603
1.495698
-0.884680
-0.809206
0.713813
-1.435683
2.260933
0.169345
-1.036735
-1.627787
1.999870
-0.819582
-0.286859
0.150516
0.397456
0.447144
2.356471
1.800309
2.784117
-3.041504
1.626021
0.370331
-0.404045
1.835871
0.946444
1.017913
-0.174632
0.477267
1.567648
-0.946459
-0.748028
-0.071323
-0.170741
2.279320
-0.016270
0.416131
1.133416
0.695314
0.864836
-0.108447
1.646985
2.267463
-2.150271
3.052352
3.267753
-0.299826
-0.035235
0.807568
-2.770988
0.273172
0.499788
1.369927
1.712300
-1.051496
-0.289807
2.495795
1.905467
3.299779
1.077325
-1.359253
-2.066071
0.932588
-0.962531
-2.937885
-0.024406
-0.226034
1.450082
4.027617
0.755772
1.546893
1.626808
0.926933
-1.504054
-0.494580
1.068170
4.983971
-2.389397
0.331773
-1.731174
0.230420
1.881659
-0.121106
0.942421
-0.887684
-0.158051
-1.337501
1.557797
1.161005
0.701088
-0.152577
3.750910
2.722444
0.424269
-0.450971
2.510297
-0.253232
-0.828602
-0.605914
-0.987411
1.936440
-0.447638
-0.315398
1.991854
-0.169083
0.405397
1.019184
1.305723
-0.812523
2.233297
1.026914
1.690388
3.606888
-1.146887
-1.862954
0.297004
1.135569
0.247110
0.705543
1.695448
0.584067
-0.485225
-0.980678
2.688720
-0.060089
-0.946456
-1.491148
-2.542881
1.518323
0.149583
0.372440
1.283341
-0.504001
1.907723
1.027920
2.087700
1.195157
1.026719
0.676858
1.038927
0.860244
1.117075
-0.514995
1.943960
0.411890
1.071518
-1.464140
-0.304845
1.736538
0.458939
2.177295
1.045955
-0.483786
2.947783
0.455849
2.154937
2.125268
-0.092073
2.075933
0.234897
0.621296
-1.650299
0.365175
2.112526
1.476912
1.232914
0.906923
-0.540766
-0.415213
-1.785838
-0.603959
-0.470479
-1.585472
-0.245201
0.553585
3.762713
-1.133625
-0.389940
0.656002
-1.737494
-1.327035
0.674925
0.626991
-1.132181
1.161727
3.300387
2.370424
-2.090205
3.776238
1.299695
0.472708
-1.540417
-2.773227
-0.987379
-0.362080
-2.929333
0.545057
-0.159892
1.548390
0.777164
-0.739874
1.293246
1.746210
0.010189
-0.746617
-0.610820
-0.121484
1.375687
-0.615366
0.976739
4.806607
-2.385498
2.928142
2.014550
1.597309
1.465550
-0.602177
1.997021
0.855254
1.091344
1.218093
-1.032748
0.690813
0.641293
-0.539406
2.048495
0.141496
2.383463
0.160157
2.790003
-0.491684
-1.731354
1.482640
1.153333
-0.030524
2.087324
-0.176137
-0.351978
1.075129
-0.936591
-1.912054
-2.601041
-1.226903
1.538888
2.029659
0.251088
0.472272
2.022207
-1.248998
-2.371959
-1.777164
0.245405
2.189636
2.868616
-1.102396
-0.781774
0.774701
2.239427
2.730007
-0.406160
2.341050
0.203166
0.354473
0.155415
-0.645579
-0.712462
0.040672
0.205753
-1.037665
3.068181
-1.705983
0.463169
0.895317
2.986562
2.334539
1.887407
-1.932284
-0.628200
0.422194
0.410970
0.173069
-0.461479
0.301361
-0.316780
-3.316909
-1.407820
0.983081
-0.183520
0.627003
0.226302
1.056263
1.717386
-1.098818
-0.669475
1.600769
2.072523
-0.464017
0.047928
-1.211211
1.743328
1.530030
0.486555
0.202222
-1.855622
-0.142041
5.137311
-0.938350
0.215566
-1.556675
-1.547972
0.588596
0.596091
0.118136
2.144496
1.633885
-3.529062
0.972164
1.147602
0.110409
-0.246266
-0.111397
1.274841
2.169106
0.962547
-1.308043
0.184930
0.956625
-0.610322
0.888637
0.353718
2.863774
2.833713
3.121263
2.704335
2.377432
-0.374781
3.380621
-1.090946
1.465328
1.744395
-3.058500
1.753285
1.006484
1.207781
1.621738
-1.413261
0.608888
-0.107572
0.196919
0.776056
0.886503
1.016661
0.711933
0.076811
-1.710716
0.255305
2.931810
-0.893637
-1.241795
0.814066
-0.225382
1.975342
-0.869903
1.767761
1.127864
-3.202870
-0.624675
2.068259
3.263109
1.355947
-0.586145
-3.183669
1.663915
-0.305959
1.354813
1.035725
-2.229545
1.687942
1.821782
1.450842
0.652282
-1.303508
2.266372
0.353720
0.656069
0.919938
1.786890
1.564087
-1.848178
1.388824
1.243388
0.285250
1.338800
1.208181
0.963452
0.211422
0.095161
2.099997
0.481523
1.992328
2.060333
1.766813
-0.701877
-0.039669
0.221526
0.040000
0.941386
-0.059883
2.760968
-0.259576
-0.543919
0.682578
-0.474678
-0.310121
1.644011
0.912216
-1.021956
1.103322
1.988154
1.203341
0.725209
-0.770893
2.165457
1.910870
1.184846
3.971813
-0.427673
-0.679176
-0.661628
1.284167
0.056473
1.336494
-0.239140
-1.287868
0.020504
1.932163
0.472945
-1.665057
1.093918
0.124268
-0.957668
-1.185934
0.237303
-0.686432
-0.194840
1.070013
0.425332
-2.177479
0.480137
1.323126
-1.586379
-0.058407
0.708249
-0.234468
0.327034
0.842421
1.023883
-1.184826
-0.190352
1.560662
0.640513
-0.389333
3.996700
0.536224
3.120491
1.505231
0.003875
-2.661378
0.975843
2.164585
1.317309
-2.126118
2.654323
0.104830
-2.431295
-0.341114
-1.075585
0.491240
0.142110
-0.992325
-0.557431
1.642938
-1.007605
1.174835
-0.753977
-1.675452
2.907191
-1.575808
0.081775
0.348982
-0.851314
0.184569
-0.822076
2.383140
1.425072
-0.884980
-1.225558
1.076957
0.076588
0.844796
-2.826247
1.258814
2.849587
0.466073
-0.505068
-2.424215
-1.438629
1.676400
1.021503
-0.249482
1.880806
2.681714
0.897171
2.856333
-0.673193
-0.431293
-0.782174
-1.548293
-0.469512
-1.738232
-2.370247
0.635595
2.126163
0.699369
-0.636190
0.355633
-0.358338
-0.519929
-0.868589
-0.725868
0.780460
0.914325
0.958630
-1.531586
0.408172
2.580535
1.305579
0.867838
-0.365820
0.903744
-0.197264
1.705336
2.983953
-1.094876
0.128320
-1.455894
2.154974
1.220468
1.715385
0.894076
0.985890
-2.382341
1.246445
-0.368540
0.828080
0.557425
-1.389515
2.277405
-1.218971
-0.328083
1.525149
-0.379534
1.637116
-0.118631
0.588044
-0.739285
-1.151933
-1.003275
1.421334
0.501025
-0.771842
-0.071031
0.273175
2.117854
2.232708
-0.459790
0.305307
-2.249907
-0.909730
3.151080
1.137038
2.145006
1.910851
1.639608
1.147977
0.105350
0.111647
0.660933
0.405433
-3.651240
0.619887
0.431864
-2.297962
1.692286
3.703639
-1.404975
0.296470
0.096299
0.645097
0.458876
-2.775068
-0.049138
1.962089
1.440182
3.062783
1.404661
2.533060
-0.021164
-0.341631
1.132702
-0.869275
1.714782
1.328132
-0.869196
1.895264
1.451010
1.220681
0.412124
1.058484
4.583091
3.317744
-1.402612
0.075611
0.525530
-2.514719
0.890214
-0.043466
-0.608205
0.526781
-1.351197
-0.596087
1.364565
0.239653
3.152029
1.640321
0.983370
-0.751471
0.386001
2.787818
-0.878996
0.900982
-0.715457
-0.645815
1.761337
-1.556475
1.946682
1.738590
0.362220
-0.051277
1.592900
-1.940802
-0.155698
4.489902
0.406375
-0.730057
-0.769758
1.594226
3.680328
1.381811
1.457248
0.656278
1.035013
2.155444
0.145934
2.797052
-2.352817
-0.448252
-0.492086
0.481369
0.702600
0.063425
0.082845
-0.020740
0.045811
1.139506
2.360651
-0.615532
0.177530
-0.462544
0.329797
-0.314891
-0.433354
0.505908
-0.740819
1.230866
-0.378225
-2.380300
1.040220
-0.569104
4.365684
0.244422
-0.320449
0.672776
-0.062419
0.011513
1.354809
1.362320
2.557553
1.185577
1.857624
1.333628
2.842574
-0.485515
-0.488523
0.405975
0.591014
2.789236
-0.949571
2.423406
2.007809
-0.545013
-0.073220
1.839176
1.180448
0.487177
1.944243
1.703650
2.144223
2.428537
1.326026
-0.234177
1.687062
0.890412
0.195123
2.266970
-1.579569
1.579581
-0.334112
0.582617
1.286006
0.071956
0.675186
-0.123102
0.950057
2.048057
-0.025514
0.120979
-0.109894
1.527650
-0.622980
0.567864
0.486168
0.059388
0.305172
3.363208
1.005227
3.294514
-1.871293
4.052279
-2.467963
-0.413034
-1.074593
-1.377059
-0.010518
-2.082427
0.122488
-0.500611
0.090596
0.996089
2.125056
0.571830
3.045919
0.322110
1.351769
2.957681
0.027740
0.100613
1.055530
0.291805
1.537756
-1.173929
-0.101728
-1.825529
1.444964
0.572756
-1.134522
0.110835
-2.179770
-1.431058
1.219266
-0.192735
-0.120391
0.391032
1.831474
0.912135
-0.514348
1.926014
1.773691
-0.765040
0.778818
0.150303
0.822245
-0.549067
0.790805
1.277848
1.804433
-1.923407
-1.854421
2.741172
-0.716895
0.995167
0.279675
-1.478647
0.827400
0.403429
-1.863704
-0.269335
-0.546362
-1.255788
-0.116173
2.808361
0.889432
3.309532
0.275899
1.007904
3.002493
-1.280167
1.353642
0.714823
-3.466147
-0.480139
1.508663
1.802165
2.811344
-0.289773
0.900897
-2.751563
1.207793
-0.936706
-2.138013
0.078595
-2.742193
-1.094174
-2.502944
0.251031
0.902775
-0.330969
0.794449
-0.125120
2.921667
-1.621408
0.509902
1.584314
3.172285
0.659956
0.531554
1.157023
1.418332
3.462483
-1.997948
2.447407
1.070231
2.635949
-0.672370
-0.242326
0.633896
1.415883
1.268990
0.949130
2.842090
0.965032
1.258730
-0.822645
2.376084
0.158998
-0.084608
1.327598
0.518922
0.388860
1.690298
1.320217
1.618843
1.408496
0.918300
0.653934
0.681954
-1.253821
-0.046998
0.637484
1.986253
2.983059
-1.128272
2.181926
-0.427902
-0.690833
1.241435
-1.209625
-1.445625
1.726290
0.685087
3.171228
0.508716
1.876258
1.976765
0.731193
-1.404158
0.620670
-0.623769
0.943442
-0.789136
0.384395
0.758906
0.996077
3.288211
-0.045910
2.374503
0.386171
-1.712102
-0.633518
4.332258
1.953972
0.504375
1.461521
0.383902
2.414949
-0.489714
2.495474
-2.523800
0.893204
-1.252514
2.181850
1.071956
3.326950
1.598317
1.934268
2.693019
-0.092356
0.617456
0.368640
-1.295358
2.111185
-0.886737
-0.748509
1.696770
2.744201
1.354588
1.150338
0.032047
1.306534
0.785458
2.927605
0.283758
0.340330
3.890807
-0.169720
0.300674
-1.313398
1.282050
1.450618
2.259197
-0.411556
2.878524
-1.321795
2.357729
1.291719
-2.626168
2.297786
0.733614
1.767980
0.746025
-1.148176
-0.441823
0.874330
0.202016
2.292894
0.098273
0.581916
1.091305
1.255742
-0.002945
2.734133
-0.663506
0.037344
-1.038886
-0.068091
1.147943
2.619895
-2.080616
1.498080
2.234450
0.446982
0.260993
0.936861
1.771462
2.226326
0.083918
-0.704648
2.059537
1.131730
2.282545
0.724584
-0.643168
0.651619
0.425305
2.623896
-1.638606
2.556978
1.456043
2.027421
-1.071695
2.135375
1.071321
3.149244
3.340848
0.124045
0.029391
-1.172638
0.188316
-0.915642
2.282310
1.479635
0.690992
0.898433
3.386070
0.388098
0.660976
-1.935522
3.205066
-1.175914
0.010081
0.412879
-0.976906
-2.899038
2.781668
-2.069832
1.556217
-0.808034
0.729067
0.153360
-0.028110
-0.849373
-1.745848
-0.174107
0.719618
2.517298
4.205492
1.783851
4.079985
0.275298
1.480353
0.436796
3.464581
0.152053
-0.700460
0.265393
-1.480537
1.038113
-1.037885
1.438750
-2.232127
0.544114
-0.489277
2.272673
-0.559227
1.511783
0.820136
1.623831
-0.039220
1.256411
1.291470
-0.587921
-3.140090
2.308854
1.720855
2.125860
0.657487
0.286993
-1.452607
2.247849
-0.829877
-1.580688
-0.594290
2.007782
1.690342
-1.364444
1.247684
-1.215630
0.883179
0.059350
-0.215493
0.692559
-0.790906
-1.001232
-0.162279
2.483429
1.511916
1.156503
0.101899
1.163025
1.307784
1.776490
1.682292
0.716246
-0.999237
-0.727029
0.855047
0.856010
-0.394979
-0.136097
2.273821
2.258194
-0.107502
0.266867
-0.483985
0.155547
3.248834
0.796323
-4.751683
-0.213815
2.100029
-0.128622
1.663453
-1.185574
0.718798
-0.299441
1.801896
-0.998285
0.630990
-0.540936
1.741445
1.383337
3.848958
-1.428832
1.055503
0.513592
1.508529
0.754907
0.813007
-0.982680
0.619052
0.389881
2.435636
0.995234
0.712995
2.576097
-2.988687
1.616412
2.302784
-0.598243
0.878530
0.571106
1.909423
0.828288
1.200760
-1.309983
0.375036
2.401368
-0.628184
1.028330
-0.674873
1.095542
0.184421
2.846368
1.214928
0.238763
1.627635
-0.188849
-2.002148
0.302942
-0.313410
1.271180
0.759392
2.649021
0.148637
0.146215
1.333345
1.549884
0.199204
0.106348
1.533253
-1.134136
3.948370
3.138278
-0.802903
1.864015
0.074644
0.250255
0.111059
0.043384
1.290715
0.272243
2.225733
0.270827
1.109982
0.725742
1.349736
0.618508
1.657833
1.511443
-1.585535
-2.197351
0.689796
2.717563
2.100137
0.718662
-1.883993
0.825718
0.800599
0.885007
-0.754110
0.985637
0.579521
0.479008
-0.433288
0.351621
-1.851651
1.058564
-2.243362
1.395002
2.005250
0.578303
0.820099
-1.284169
0.306965
1.591727
0.185061
0.340960
-1.189842
0.411999
0.049566
-0.434497
3.751582
-1.030637
0.947234
2.163655
1.075211
-1.258918
2.400814
-0.317428
-0.640056
-1.025836
0.633911
2.877488
-0.389300
1.364579
1.353147
-0.127947
-1.549190
-1.221346
0.091880
-1.256383
-2.892783
0.793910
1.387578
2.201304
0.097264
-0.367137
1.977572
-1.699333
-0.143102
1.117120
-0.490065
0.302854
-1.209311
0.541790
-2.606196
0.560004
-0.106381
2.061560
2.319652
0.702253
-2.548771
0.781733
3.488869
2.371284
-0.469055
-1.049958
1.352613
0.274170
-0.040311
1.430059
2.772536
-0.169189
-1.424376
-1.743971
-0.682937
-2.116313
2.257680
-0.720617
0.719341
0.709879
1.241092
0.348134
-0.331786
0.623264
1.043851
-1.082026
-0.099711
1.270506
-1.416660
0.969642
0.081627
-1.761439
0.685406
2.171530
-0.549616
2.667793
2.110762
-0.900321
0.961377
-1.421251
-1.062221
-0.056286
0.140029
3.885348
2.117329
1.009023
0.492743
-0.765011
0.970919
0.642648
-1.829483
-0.213258
0.578687
-1.752002
-1.274811
-0.704216
3.849873
-2.328580
1.114926
0.172538
2.075301
0.653634
0.950780
-0.356100
1.887065
-0.173127
-2.911114
2.759135
-0.967886
-0.714447
1.124277
2.919009
-0.118448
1.645329
-3.012969
-1.477437
0.658499
-0.262929
-2.132546
2.084994
1.102777
-0.291678
-0.946485
1.655116
-0.256604
0.540932
-0.863697
0.246140
1.903099
0.816242
1.190721
0.362376
-1.342836
1.663635
-0.103865
1.661178
-0.729642
-0.964411
0.073217
-1.969826
-2.112331
2.184824
1.681448
0.690398
0.618916
2.314044
-0.650578
-0.658513
-1.000435
2.698943
3.083349
0.550401
-1.313096
0.300447
-0.769905
-0.137442
2.327830
0.882787
1.347281
-1.693770
-2.004101
0.303172
1.327444
-1.032034
-1.297390
1.926581
0.719975
-0.428696
0.504668
-1.410063
0.938254
-2.220356
1.822543
-1.272921
-0.463649
0.379549
2.198435
-1.961811
1.894939
-0.244228
-0.937952
-1.855711
2.290440
0.343779
1.054274
0.048378
-0.724561
-0.953179
0.563044
0.181027
1.837353
3.601896
1.652732
2.353045
-0.934036
1.516791
-0.204043
-2.556667
-1.325933
0.551811
1.915472
1.919833
-1.888392
-0.236473
0.390226
1.084240
1.710041
0.102575
0.597872
0.901001
1.066906
0.276835
0.042574
3.552648
0.165080
0.464189
-1.782612
-1.484361
-2.643320
-1.946158
-1.192034
2.557847
0.241584
0.179291
-2.011719
-1.191414
-1.423773
-0.652692
-0.253017
1.004648
-0.852865
0.372151
-0.344395
0.095953
0.246603
0.274372
0.688915
-1.552211
1.773970
-1.870600
0.459969
-2.365032
0.716992
1.210716
1.051566
2.553972
0.559485
0.067056
-0.348033
1.693207
1.780858
1.036951
-1.370466
-0.000244
-0.920689
3.540142
1.538630
2.266199
1.706949
-1.509921
-1.277952
1.620034
0.554382
3.336001
2.793977
1.114644
0.035078
4.924590
0.239497
2.160359
-0.635648
0.851204
4.388601
-1.692100
2.363302
0.867433
0.657992
1.116627
-0.960508
-0.150338
-0.643965
-1.109492
1.961911
-0.797526
-0.307122
0.606139
0.965649
-2.893574
1.179355
-0.757995
-1.737551
0.344394
-1.397143
-0.591933
-0.707575
-1.820723
0.368766
0.244258
2.995893
0.675856
1.428308
-1.403895
2.006276
-1.476622
0.227745
0.019592
0.294869
2.581945
0.898008
1.715894
2.229566
-0.864249
0.337479
-1.366790
0.242714
1.923519
0.758331
0.604802
0.252827
2.419119
1.237862
1.034162
-0.599554
-2.066926
-0.674311
-0.488565
0.656206
1.541924
1.120127
0.930087
-0.221823
0.414675
-0.150469
-1.041134
-0.068600
0.408058
0.208556
1.839509
-0.142567
0.032230
0.982541
-1.225194
-1.122885
-0.268740
1.224504
0.492631
1.268853
0.721950
0.804671
-0.427620
0.586659
0.649237
0.628335
0.912102
3.655184
-1.703055
0.717137
-0.528550
-0.271055
-0.098968
2.893964
1.416346
2.463098
0.132478
-0.165200
0.811495
-1.162206
-0.266313
-2.079027
0.035297
-2.202405
1.522471
0.511370
2.741471
-0.790272
-1.758624
0.426820
-0.024228
-1.469380
2.077192
-0.800980
-1.586358
1.922279
1.450689
-1.995615
0.823840
1.108883
2.461602
0.637200
0.871801
-0.168737
-0.793892
0.941567
-2.338626
-1.614995
4.535352
1.922043
0.238865
-2.928666
1.536456
0.169454
1.312984
2.070423
-0.258691
1.735119
0.433683
-0.003416
1.974397
0.821545
1.766014
0.880588
1.460041
0.074701
-0.550131
1.514095
-0.127065
-1.164148
-0.429206
2.132260
0.234791
2.102574
-1.329847
-0.384540
1.837372
3.431054
2.570851
-1.858968
-0.641740
1.700262
0.606622
0.894980
-1.606798
0.751735
-0.943137
0.811910
-0.943145
-0.329089
-0.031827
2.383952
3.395899
2.525009
2.084996
4.867102
1.556402
-0.863726
1.338843
1.225617
2.441015
-0.456335
-0.683858
0.595491
0.712141
-0.998060
-0.000588
-0.087328
0.181120
2.062621
-0.565570
-0.614018
2.018101
1.928479
0.277902
-0.978823
1.921155
2.376310
0.662847
1.195968
0.166747
0.704431
3.531086
1.054683
-1.507161
-1.131645
2.170107
1.606114
3.093677
1.730011
2.044233
0.564221
0.341136
1.303510
-0.735881
1.701455
1.314342
0.343711
-0.328857
0.027109
-0.371620
-1.386854
1.294190
0.406500
3.010485
1.814267
0.809735
2.690999
-1.408618
2.756826
1.067436
-0.449077
2.535712
2.324268
1.816990
1.011225
1.733731
-0.261372
2.234918
1.240288
-0.651120
-0.023944
3.918320
1.864334
-0.203697
1.598739
0.187639
3.309704
-0.427400
3.833265
0.080431
0.557641
3.976976
-2.469989
2.120173
4.156486
1.341754
0.986808
-0.396655
0.203211
-0.568947
-0.700409
-0.336089
-2.157973
-0.283102
0.211942
-1.059325
-0.084125
-0.201518
1.962597
1.165967
0.116455
-0.548946
1.268767
1.407142
1.984436
-0.561009
1.827134
2.515270
2.216264
-0.427585
1.928077
-0.872505
-0.212655
0.617691
-1.026646
1.707329
1.764478
-0.625041
-0.183837
0.917389
-0.998905
0.007643
1.095044
-1.739568
1.407348
-2.060561
-0.782041
-0.453276
0.909613
-0.396696
-1.374269
1.961013
-0.466128
-0.822448
1.268469
-1.162621
2.622477
2.294253
0.843058
1.305827
2.389370
-0.002879
-0.994310
2.464756
-0.804993
-1.096124
1.083139
0.695453
1.196267
0.660601
2.614074
2.161954
1.103998
-0.500177
0.827783
-0.586083
1.153328
-0.881868
1.624352
-2.197561
-0.148870
0.288738
-0.078536
0.876288
-1.263743
-2.667778
-0.048193
-0.821877
1.376346
-1.679191
0.136339
-0.833528
-2.377723
-1.096572
0.493245
3.183943
2.516232
-0.201356
-0.905422
1.328288
2.119753
-1.369027
-3.178707
-0.491145
3.315577
0.031337
1.582546
0.661417
1.106709
1.354133
-0.159874
-1.200971
-0.775001
0.204191
-0.252434
-0.333123
1.482600
-0.332589
-0.324867
0.839143
-0.080834
0.812700
-0.027901
0.525068
-1.827453
-0.035794
2.968457
3.767156
2.072631
-0.767345
0.082357
-0.541402
1.858654
1.865587
1.707451
-0.538267
-0.511827
-1.240022
-1.517962
-0.962685
-0.206798
3.141899
1.005905
-0.470095
0.079292
0.867425
-0.415062
0.856050
-0.309720
-2.895795
1.944614
1.680325
1.144216
-0.034371
0.231421
0.508549
3.916225
0.471229
1.150209
0.434847
-0.999684
-0.953506
0.589205
0.675778
0.236579
0.868705
0.974639
-2.009761
1.689435
1.663534
2.255001
-3.143719
2.375543
-0.543728
2.098882
1.028273
-0.238149
1.105638
0.285988
0.713722
-1.505398
-1.571909
-0.907218
0.393603
-1.199148
-1.172025
0.738583
2.484271
0.175324
2.363729
1.321761
-0.041420
2.345632
-0.997025
0.570645
1.718146
-0.810419
-0.330623
0.377038
0.257787
2.110529
2.022453
1.054164
3.001876
1.818017
0.413867
-0.054846
1.896612
0.670646
3.304830
-0.287273
-1.081527
2.824074
-0.631403
-1.934820
0.947975
1.964653
2.702156
1.649273
0.149678
-1.660089
3.518944
1.476942
0.222482
-0.552503
0.817010
0.364824
-0.909870
0.187259
-0.402648
-0.875107
0.540413
1.956587
3.072656
0.057779
2.562636
2.707680
1.981859
1.368445
1.327100
3.958277
-0.279575
0.371815
-1.000613
3.561040
0.501664
1.887676
0.866970
1.236088
0.059176
0.950101
2.109050
-1.751308
-0.628844
0.692832
0.870226
-1.632022
-0.268380
-1.148173
-0.213119
-2.142823
2.067469
1.071531
2.853406
-0.131686
1.919467
-1.158066
-0.860732
-2.087394
1.047235
-0.535143
-0.067060
2.674704
-0.126141
1.080422
1.215912
-0.724253
0.911848
2.081425
0.543523
1.541684
2.890210
1.892720
0.993386
1.066319
-0.999403
0.053163
1.717243
0.048336
-1.066191
-0.075212
-0.494303
1.713807
-1.970549
1.644478
0.437560
1.179764
0.907737
0.259984
-0.548787
-1.054330
-0.778117
0.867911
1.260082
-1.229516
1.366644
2.430994
3.893670
0.290449
0.138286
0.797739
-0.164352
0.450004
-0.323902
4.346077
1.113004
1.003764
2.863379
2.572397
-2.515766
-0.558151
-2.010763
1.023468
0.369885
0.778942
-0.603133
-0.073592
0.541820
3.057449
-0.254789
2.123136
0.795023
-0.303524
-2.710423
-0.953624
-0.144411
0.543089
-0.693042
0.400627
1.260208
-1.104544
0.871224
-1.904619
-2.247777
-1.840229
-0.774668
0.484790
1.738882
1.263056
0.415576
0.801296
-1.110405
2.662627
1.119072
2.235832
-0.487976
-0.084304
3.613782
2.465846
0.456113
0.369268
1.048744
-0.125521
-1.236206
-0.023741
-0.792048
0.719639
0.559084
1.242255
1.251836
-0.186332
-0.384856
-1.284341
0.786036
1.440039
-1.104133
0.168536
-1.318961
3.147716
-2.727253
0.781015
0.193867
-2.204307
0.579171
-1.111185
-0.811492
-0.814312
-0.266737
-1.074348
2.877325
0.383375
0.977870
1.393240
0.647708
-1.743454
2.811854
-0.001157
3.261538
-0.635898
-3.039726
-1.252407
2.659829
-0.829796
-1.363297
1.304848
-1.715499
-0.766641
1.865555
1.705648
1.530051
-2.881243
3.229101
1.358013
-1.604706
0.547719
-1.009443
3.182643
1.013101
-2.367466
2.192150
3.393436
-0.575171
0.965307
0.282211
0.167715
1.500547
-0.828652
1.083553
-0.655630
2.220464
3.513963
3.870610
-2.960268
2.329473
2.420707
0.422637
-0.657647
-0.829941
0.282249
-2.065050
0.025377
1.629185
0.951202
-1.002418
2.168947
1.418514
0.474196
0.448329
-0.163433
-1.749609
-0.819105
0.017497
1.049795
1.804517
1.542181
-2.023869
3.893956
-0.427483
0.743055
-0.404261
0.938673
2.476342
0.977843
-1.277076
-1.197500
-1.169778
-1.150751
2.513841
1.783317
0.921722
2.099060
2.666330
1.017211
-2.781567
-1.151861
-0.189720
0.509711
1.329672
-0.346041
1.237158
-0.683023
-1.488279
-0.269700
2.365508
1.288688
-1.495178
1.247055
-1.351468
0.088608
1.144850
1.734575
0.860784
1.468409
-0.257378
1.705338
-0.085214
1.472647
-0.071917
-1.120882
1.672780
1.390006
-0.537214
-1.129351
-0.466485
-0.018178
0.905040
-2.623175
2.492767
2.859079
2.259870
1.076266
0.303789
3.088349
-0.666307
-1.972411
-1.203965
-1.434374
0.709691
-0.478939
1.579134
2.150465
1.532950
0.943567
1.427207
1.994975
-0.143955
-0.319992
4.510304
0.815520
2.926482
-0.161664
-1.256236
1.382527
-0.523795
0.871863
1.728900
-0.569090
1.809257
0.185668
-0.336856
2.671525
3.563170
2.263448
1.176288
-0.201362
1.715894
-0.024145
-0.963416
1.025649
2.252335
0.315162
-0.038104
1.488047
2.073217
-0.380144
0.540005
-1.253456
0.474546
-0.408412
1.489297
0.222758
1.033551
-0.560851
0.135958
-0.271455
0.823845
0.725345
2.202854
1.016583
-2.025587
-1.927821
1.254536
2.151350
1.691559
0.021845
1.301160
1.033603
0.258826
0.171248
-1.421349
0.945019
-1.813082
1.986599
-0.254916
1.419823
1.554758
1.290356
1.792581
0.431231
-0.328486
-1.612487
0.761677
-0.815780
3.584724
-2.788860
-2.389586
1.175567
0.206126
1.945706
1.946550
2.145906
-1.854099
2.311526
-0.862388
-0.297329
1.808776
0.242270
0.068790
0.833463
1.948601
2.252572
1.383569
1.064621
0.406085
1.196205
-1.870328
0.093663
2.026689
0.650895
2.766818
0.533580
0.535336
0.861322
1.358511
-0.762949
-0.202589
0.781216
0.329555
0.496059
0.173352
-0.354229
1.038374
2.027607
0.796621
4.165300
1.300637
1.797074
0.116472
2.486710
0.099697
0.338006
-0.142064
-3.046034
-1.211458
0.278424
1.750534
1.135578
3.883949
0.040476
0.933924
2.141779
2.437603
-0.222577
3.050596
1.618869
0.182369
1.823932
2.815671
1.234783
-0.849948
-1.058985
2.257648
0.160535
-0.762793
1.972571
2.986694
2.184398
1.281588
-0.113762
0.459244
0.722198
1.726489
-0.256549
-3.138064
-1.542133
-0.560138
1.862528
0.715228
-0.038045
-0.259322
1.588829
1.804144
0.900833
0.145671
0.390175
-1.414989
1.696740
0.835582
0.952024
1.047335
1.729836
3.211416
1.421957
-0.212663
-0.647496
-0.415123
-1.796661
0.736171
-1.632697
-0.480647
-0.110066
3.507521
1.005207
0.703284
-0.211489
1.280170
2.562640
1.863966
2.155450
-1.016152
-0.790662
0.616239
-1.001860
0.582098
0.257348
1.311784
2.256741
0.219929
0.673621
2.480577
-0.798892
-0.531849
3.863980
0.632870
1.960464
1.949325
1.881173
0.375110
0.740217
1.078935
0.786529
2.203847
-1.043867
-0.433452
-0.338052
-0.832519
1.978851
-0.648178
1.303692
1.746238
2.818234
-0.029572
2.786078
-0.861542
0.492597
-0.594417
1.840043
-2.505985
-0.361251
-0.830675
0.441229
1.085511
-1.474620
-1.556193
2.350778
2.353055
2.721804
1.061274
2.900035
1.789766
0.494117
0.682863
-0.386422
-0.000045
0.981695
1.707109
0.061968
0.288619
-1.810341
0.276581
-0.660641
0.622669
-0.010687
2.275030
0.675412
-0.277837
-0.708192
0.442579
0.718045
-0.083826
0.856534
0.977891
0.128867
-0.303571
-0.770964
2.251265
2.832102
-2.379232
-1.910382
0.478822
0.058572
2.061399
-3.761634
3.346668
0.632238
2.690165
1.169615
2.194340
1.357116
2.559814
-2.282387
-0.085969
3.182770
0.825633
-0.311084
0.604700
0.080505
0.794915
-0.807906
2.631341
1.324548
-1.622500
-0.067203
1.007253
0.684527
1.085942
0.766657
0.742615
2.961865
3.115413
-0.122465
0.679252
-0.225465
0.602145
0.872524
-3.545849
1.764302
2.031340
1.790867
-2.414294
3.617412
2.761274
-0.002383
-0.314880
2.762776
-0.178931
-1.217434
-1.089899
-0.530119
-0.352178
0.921732
0.956536
2.743834
1.546323
1.236996
0.601083
1.212047
-0.520566
0.371841
1.696964
-1.154372
-2.092314
0.031250
-1.177942
-1.747573
2.016849
1.154549
-0.169569
4.150670
-1.097795
-0.978141
-0.215404
-0.970241
1.444059
0.393282
1.916629
-0.624302
-1.941377
1.783006
1.842356
2.980992
-1.653377
0.854522
0.641477
1.482202
-0.272583
0.078249
1.058944
-1.123562
2.570360
0.725693
-0.277373
-0.029245
2.210336
1.440204
1.032222
-0.753076
1.107922
1.057699
0.902292
0.433813
-0.424720
-0.362259
0.165469
1.187701
0.668844
-1.974639
-0.178192
2.111149
-1.271137
-2.015031
0.424725
0.877047
-0.456889
2.154037
-0.518939
0.309285
-0.037131
-0.282235
-1.148351
1.228271
-0.003262
-1.214133
1.320978
1.478879
1.746966
0.168841
-1.139826
1.187611
2.169328
-0.574695
1.327697
1.551059
-2.106373
2.040948
0.612560
0.799982
-0.718765
-1.780207
1.671954
0.423054
-2.652851
-1.862762
3.313623
-1.828154
-1.261571
0.973715
-0.220577
1.742610
-2.266075
0.087265
1.389734
2.562325
-1.518318
1.115960
-1.869591
2.397917
1.215962
1.565639
0.306435
-0.114642
0.657233
4.289184
2.653208
0.705586
-0.930392
1.373354
1.740651
1.172408
1.547028
0.122521
2.845829
-1.947155
-0.809707
3.668489
0.578431
3.701365
-1.349774
0.850929
-0.088242
-0.114463
-0.101171
-0.425884
-1.644650
2.641866
3.482806
1.063160
1.462693
2.048615
2.159990
0.019663
-0.110178
-0.956378
-0.229828
-1.954333
2.550621
-0.420274
-0.129820
-1.821999
2.067946
1.904719
0.367126
-1.558859
1.622836
-0.703837
2.412887
0.367567
0.948018
0.026418
1.916598
-1.519283
-0.790429
0.992705
-0.256773
0.725835
-0.681867
-0.629848
0.558026
-0.112811
-0.610127
-1.095410
1.290405
-0.285830
-1.062100
-1.286676
0.908012
-0.512808
1.657409
0.344917
-2.009616
-0.162447
-0.657581
0.019646
-0.986955
-0.622849
2.922638
-0.356787
0.240690
4.374533
-0.467719
1.467530
-0.266568
-0.426437
-1.239332
-0.135838
0.688077
3.489988
-0.050250
2.322542
1.054932
0.381758
2.489600
0.615569
2.189009
2.430072
1.152162
-0.989098
0.117797
0.353981
1.356166
3.090970
4.510289
1.339607
-1.023498
1.211597
1.428680
0.215393
0.450706
2.958833
-0.979226
-0.646636
-1.448672
-0.074995
0.230082
0.426787
-0.732754
3.358815
1.255549
-0.679648
1.844153
2.900142
0.897703
0.484636
-0.480808
1.725223
-0.407295
-0.243473
-0.024451
1.298758
1.240108
-1.901228
-0.278886
-1.210202
-0.206252
0.850383
0.360846
-2.014486
-0.904558
-0.552292
1.713713
1.452852
3.134194
0.862704
2.083469
0.922318
0.679776
0.936760
-1.161008
-1.087309
0.945100
0.446573
0.981568
-0.441365
-2.428580
-1.815556
-1.223419
-1.479321
0.447918
-0.556481
1.557756
1.674607
-3.937059
-0.071743
0.763797
-0.454731
-1.328245
1.162658
1.029963
1.401182
1.782705
-0.472286
1.092264
0.831332
3.686748
0.165131
-0.092281
1.747568
2.049562
1.131094
1.198372
0.538892
-0.127166
1.475771
1.958384
3.389821
1.600920
3.711797
5.233717
2.972823
1.550139
1.449811
0.016202
1.179092
-2.224644
-0.283106
2.008912
1.869363
0.450445
1.469376
1.325040
-0.034922
-0.030090
0.212863
0.835278
4.770628
0.621750
1.021520
0.937129
1.582925
-3.445685
1.765870
0.544851
1.928974
-2.065597
-1.604820
0.313820
-0.783950
1.792393
1.017485
-0.660226
-0.633578
0.941649
0.265604
-3.031940
0.129248
-1.137272
4.996725
-0.582447
0.667555
1.261998
-3.542378
1.537375
0.316182
0.682236
0.025650
-0.745550
0.570919
1.877985
0.516754
1.440918
-0.919096
0.308715
-0.351753
0.706958
0.551771
0.064010
-0.917836
0.889159
-3.478978
0.880710
1.812628
-0.672258
0.790373
-0.420683
-0.013972
-0.609688
2.399839
2.524827
0.673728
2.425768
1.413948
0.356709
1.515565
0.799698
1.508188
0.862431
0.346833
1.964401
2.064625
-1.094968
-0.550531
1.011640
0.439739
-1.317851
1.364033
3.154384
-0.549225
0.809513
1.356765
2.186878
0.399945
-2.159521
2.000883
1.450074
-0.779342
0.559292
-0.986763
1.659962
0.619410
1.870323
-1.282245
0.523977
1.148485
0.668019
1.410207
-0.476898
0.310105
2.757222
-0.459070
2.697786
-1.479863
-0.137650
2.507489
1.465261
-0.409567
1.383167
0.105938
0.354264
-0.095776
2.374176
3.653958
-3.250233
1.516998
2.165038
4.695971
2.281895
2.888877
-2.192847
-0.038438
-0.004705
0.845878
2.558348
2.528827
1.682525
1.201530
1.959411
1.198240
2.238950
-0.585680
0.799589
0.130661
1.140024
0.240446
3.859936
-1.613125
0.215786
2.828828
-0.548621
-1.035190
-1.202117
0.012422
2.919957
1.070137
-0.044982
-1.239042
0.416749
0.752788
-0.871361
0.511759
-0.292053
-2.217343
1.050413
-1.592112
1.428420
1.409268
-0.142185
3.031558
-2.500755
-0.306734
0.636763
0.959809
-1.553598
-2.265943
2.059022
-0.405703
0.785578
0.583201
0.998149
2.152020
0.456185
-2.186986
1.431252
0.207521
0.428154
0.762465
-0.655524
-0.118958
0.845605
2.832023
0.064270
0.368768
2.694488
-1.386425
2.554279
1.281186
0.599057
-0.953882
0.515383
3.078672
2.224701
0.643350
-0.306733
1.421002
2.086934
-0.206493
-0.158433
1.102887
1.683369
1.244025
1.350696
1.688084
2.070876
-0.841267
0.987702
0.057789
-0.428855
-2.423893
0.085952
0.264011
2.587866
1.128582
1.383854
1.023551
0.610889
-0.727407
1.120540
0.881040
2.256750
3.189840
-0.870142
0.206380
-0.002224
0.538334
3.155978
2.372890
-1.089919
1.540833
-0.813491
0.074002
-0.437610
0.524667
0.715716
-0.159686
0.585339
0.838421
1.027366
0.754175
2.303939
0.154592
-2.068882
0.527160
0.281177
-0.242910
0.537263
2.908430
1.629870
0.379503
-0.254479
0.518062
0.268327
0.650199
-1.971248
3.076285
0.825249
2.425927
0.730153
0.970138
-1.105755
-0.829121
-1.994570
-1.387894
-0.304232
1.303089
0.873270
-1.605618
-1.434024
-0.003472
-0.536175
1.611120
-0.056289
1.351169
-0.104679
-2.878566
1.689380
-1.355409
-0.670209
-1.486831
-1.991305
0.869697
-1.870420
-1.454098
-1.145745
1.092885
-0.822956
2.368004
1.644310
-0.968186
1.148487
3.817667
1.890648
-2.797211
-0.187368
-0.011738
-0.285217
1.096307
1.792764
0.531288
1.926008
0.933634
1.539078
0.218277
0.583113
0.686917
-1.127803
-0.189937
-0.145019
1.781577
-0.090671
-0.119268
0.288313
-0.204041
0.490873
0.864463
1.092409
0.263273
-0.048129
0.010915
-1.546293
-0.982384
0.124119
2.132922
-0.286494
-0.983359
2.505208
0.403513
0.830792
-2.359105
2.215954
-0.211187
-0.084816
-0.016832
1.381912
-0.115013
1.941687
-0.557797
0.151359
0.470309
-0.667360
0.559775
0.327377
-3.044209
-1.034952
-0.549299
-0.717542
-0.511677
0.755895
0.428099
2.119223
-2.120244
-0.068645
-0.253171
-0.118385
1.257083
0.239216
0.718555
-2.054100
-0.718633
2.362625
-2.668475
-0.885389
0.887550
-2.020633
1.934103
4.985847
-2.838864
-0.504931
1.329639
-1.672531
0.619811
1.518943
-0.514134
0.004385
0.103166
-2.398578
-0.599530
1.349512
2.775830
0.491451
1.137343
1.495295
-0.366768
2.051075
2.923937
0.068609
1.792425
1.738236
0.880454
0.160548
0.279259
3.137964
1.511469
1.275325
-0.918067
1.498089
0.916783
-0.351023
1.636065
0.886906
0.176056
3.066700
-0.206824
0.126300
1.141519
1.664988
2.405240
2.181623
0.651225
-1.313816
0.742382
2.855107
-0.487795
2.623328
1.940066
-0.528265
-0.266240
-0.882289
2.073571
-3.557658
1.704262
2.928255
-2.400820
0.196054
1.427131
3.083601
1.186718
1.124779
3.105797
2.895461
1.461547
0.862406
-2.049416
-0.970527
1.627337
0.440485
-1.590365
-0.901589
1.720346
2.846639
2.324416
-1.288242
-0.561426
1.883195
-0.871811
2.532487
-1.117095
1.708401
1.142805
0.251674
1.692090
-2.321653
-0.559914
2.932033
0.534196
1.347461
0.899690
2.701807
0.359821
1.308631
1.271162
1.260241
-0.263106
-0.276307
2.356800
0.875220
0.893522
1.234336
3.974644
0.922478
-0.084408
2.050665
0.077117
-1.882819
2.587228
-0.144860
0.716644
-1.054833
4.937762
0.098228
-0.028685
0.723712
0.336435
-0.750938
3.207092
3.319931
0.728574
3.480656
-1.602378
1.419225
0.644659
-1.388994
0.100043
0.609019
0.551613
-1.215105
1.713281
2.101691
-2.695343
0.551433
1.019036
0.247852
0.381890
-0.403728
-0.633257
-0.350563
2.309682
0.270310
-0.079777
2.112956
0.356255
-2.368260
-2.355491
-0.250872
-0.110154
0.021440
0.133969
1.152951
-1.568254
-1.074112
-0.179012
0.180341
0.297686
-0.004165
0.688662
0.062939
4.019868
-2.148408
-0.469462
-0.231422
0.696588
1.829333
-0.704309
-1.684119
-0.057127
2.403323
-1.027194
-2.698500
0.549197
3.260187
2.933529
0.512141
0.389609
-1.195322
1.990040
-1.700305
-1.654982
0.777871
0.897118
2.345950
0.703594
3.129392
3.011968
-1.196382
3.071667
0.816293
0.368859
2.292670
0.999160
-0.954424
2.365732
2.125140
1.348394
3.013274
0.232061
1.002737
0.690527
-0.670129
0.117432
1.128317
-1.125741
2.395793
0.346810
-0.958071
2.264588
1.085403
0.984402
0.697405
1.282615
0.885791
1.681031
-2.233124
-2.468293
-0.667235
0.522047
-0.834055
0.182403
-2.250631
-1.011621
1.956627
-0.245461
0.906793
-1.268138
-0.448116
2.290278
-3.076279
-1.799263
0.073609
1.139117
0.819014
0.680119
-0.278142
0.226869
0.050221
-1.790878
-1.335958
-1.169492
-0.616159
2.816910
0.228653
-0.602636
2.296222
-0.842817
0.112953
1.720921
-0.294944
0.854791
2.135316
-0.498770
0.744061
0.993093
0.057820
1.558305
-0.211283
0.645796
-0.661646
2.066122
-0.265178
0.039796
2.242894
2.401198
0.582788
-0.000960
-0.443313
0.297385
-2.096739
1.113930
0.136165
-0.864805
2.418396
-0.065361
1.307114
2.817671
-0.490584
0.388106
0.741704
1.936285
-1.947233
-0.055830
-0.025438
2.437869
0.028512
2.712786
1.905255
0.967714
-1.054034
1.343611
2.759710
1.429859
3.489922
-0.529863
-0.231695
-3.001408
2.757066
-0.038943
0.011364
-0.313553
-0.137570
-0.288861
0.918611
0.611931
-0.298439
-0.306008
0.101351
-0.055157
-1.266831
1.441443
0.540481
-1.171001
-1.249517
0.328291
2.121999
2.319243
1.402606
1.411127
-0.490096
3.194721
1.593551
-0.861709
0.076704
-0.554081
2.308859
0.045089
1.028554
0.845207
1.134488
0.862791
-1.790548
2.900492
-1.945108
1.153850
-0.562541
1.697300
-3.254429
-0.621999
0.860561
3.718463
-1.448278
1.649434
-1.169780
2.638672
0.225188
-0.959053
1.420791
0.242490
2.418051
1.929149
1.813286
1.723067
-1.124668
-0.216699
-0.512048
-0.966292
0.467340
2.270198
1.839218
-1.051379
2.575711
2.260091
3.502023
-0.146786
0.741856
1.821511
0.221400
2.657826
-1.243578
0.155556
3.141773
1.423770
0.847200
-1.406203
0.271851
0.890831
-2.577318
1.477240
2.097661
-1.173861
-0.182891
0.772168
-0.386824
3.223629
0.564133
1.156756
-1.619012
0.009109
2.016590
1.682217
0.789988
-0.415586
1.934527
2.711466
0.868425
2.412978
-1.698439
1.600328
-1.048207
2.664587
-1.701560
1.519896
0.362481
1.380243
-1.108023
-0.324455
-2.864133
0.709582
-1.527469
2.387718
-0.890194
2.898836
0.438342
-0.133619
-0.524709
0.970212
0.581054
0.293564
0.812900
-0.463123
0.942196
-0.557370
-2.680312
0.344949
0.474328
-0.338158
0.780735
2.733933
-2.444843
0.518404
2.279601
-0.067187
1.356379
1.468899
1.000696
1.602763
4.190567
-1.235032
0.751919
1.228676
1.452037
-2.353442
2.101306
0.600727
1.844587
0.547924
-1.146295
1.799518
2.329887
-0.293047
0.144357
2.280418
1.981497
3.020941
-0.182961
-1.243720
-1.270248
0.115014
3.230814
-0.052181
2.241921
1.527816
3.858178
0.796124
0.415330
-1.968699
0.795509
3.849387
-0.775212
1.847245
-0.703172
0.946862
-2.154833
5.070681
2.434193
-3.298377
0.493924
-0.570860
0.102592
-0.933636
1.732088
2.510860
0.136812
-0.533134
-0.298094
-0.012371
0.137888
0.290634
1.960600
-3.062940
0.505958
0.655616
1.622133
0.331135
4.080538
1.881657
0.263138
2.484029
0.979515
2.671511
0.936887
1.409588
-0.716408
1.235512
0.411899
-0.643711
3.123094
-0.101198
0.674562
-0.869817
0.397072
2.505337
0.524465
0.749177
-0.629844
0.142078
1.219925
1.536738
0.619318
-1.109370
1.402071
2.480511
1.371108
0.664326
1.580863
1.403614
-0.227649
2.901681
0.481590
-0.900649
0.097184
2.344663
-0.921417
0.511665
-2.250760
0.450164
2.932039
-1.808777
-0.717900
0.280613
0.971525
0.419719
1.086613
-1.363259
0.052451
-1.485207
2.660422
2.093184
0.679819
-0.437019
0.801781
0.335811
-0.790729
2.637534
-0.455342
-0.281307
0.903092
1.363239
1.862708
-0.392562
0.381518
1.506276
2.565495
-0.406769
-1.266497
1.087023
-0.243703
-1.014949
0.522485
1.818414
-0.375704
-3.214375
-1.697183
1.471287
-0.894128
-0.474115
-1.803643
-0.316215
3.543631
-1.997335
0.736196
1.403619
-0.572970
-0.276382
1.322680
-0.416744
0.229582
2.610267
2.454437
-0.871465
0.287110
-3.499428
0.941961
2.354665
-1.543810
1.103182
1.161176
-0.800186
0.202647
-0.536045
-1.776470
1.793031
0.157015
0.967865
-1.430678
-0.717508
2.479786
3.151478
-0.642545
0.115759
1.652550
-0.937586
0.988968
-0.067121
2.791132
0.345415
0.906227
3.078187
3.364139
0.744776
0.128983
1.763955
2.815214
1.868833
-0.854782
-0.480248
-0.771143
1.130794
-0.611055
-0.925518
0.261664
-0.240363
-0.579821
2.896786
2.161280
2.660250
-0.296845
-0.412276
1.291192
-0.291355
-1.320172
1.006910
-0.613758
0.724170
0.304122
2.304508
-0.438510
-2.125250
1.869747
-1.767552
-1.438426
-0.200925
1.536552
-1.300241
-0.757768
0.607446
-0.318932
-0.525275
0.372168
-1.243736
1.090046
0.762317
1.975389
-0.731646
-1.518401
0.665856
-0.982315
0.829735
1.124053
0.144100
2.333939
-1.984947
2.042380
1.171584
0.696111
0.919841
-0.115156
0.004698
-3.900443
1.608123
1.823048
-1.004173
-0.634069
0.947710
1.207044
-1.100844
-3.227457
1.608271
-2.302791
2.562245
1.524658
0.166451
-0.601241
1.793653
1.597257
-1.680604
1.336594
4.828002
0.973770
2.424580
0.857737
0.753855
0.969923
0.769884
0.879351
0.468651
1.448458
-0.767202
-0.293462
0.528834
-3.119579
1.180034
-0.486385
0.300385
0.726197
1.212736
0.846578
-1.432354
-0.992505
0.190129
-2.019913
1.937110
-1.342149
-0.627170
-0.207785
0.352243
-0.770271
-0.886130
1.778569
1.748876
0.054808
2.850392
-1.156552
1.462922
-1.990791
-0.768290
-0.215478
-3.812074
-0.652345
3.106162
1.731900
1.344645
-0.428084
1.058846
-1.669990
1.582599
1.210266
1.963313
1.383692
1.378390
1.342616
-0.499453
0.292491
2.134979
-0.402225
0.945093
-0.209023
0.184103
0.787507
-2.051008
1.405201
-0.388203
0.001349
1.002399
2.259126
2.912094
1.097025
-1.125187
0.201482
3.331926
1.019643
1.981287
-1.017421
1.553221
-1.546040
0.397195
0.532366
-0.345656
1.370501
1.356493
0.246472
1.442439
1.124132
-0.763474
-2.063350
-1.940896
1.166335
0.703915
2.987797
2.706378
-0.662155
0.634389
0.409490
2.363067
1.952281
1.196529
0.945602
-0.445525
1.719257
-0.576695
1.426987
-0.530608
0.793025
0.120721
-0.370248
0.210077
-2.941618
2.247748
0.588787
0.790791
2.454225
-0.121899
-1.198444
0.384881
0.498976
2.004363
0.907996
3.121233
-1.149705
-0.847779
1.057641
0.699765
1.551184
-0.506701
-0.231743
2.013172
0.275411
3.289458
3.038119
0.905579
-0.328643
-0.267953
-1.486072
0.448031
-1.809170
-0.254949
0.117957
1.858981
-3.851088
-1.121954
2.083116
1.756922
2.006704
-0.312457
-0.315672
-1.789211
0.238920
-0.827231
-1.172597
-0.085471
4.223483
0.398548
0.834476
-0.149509
1.435571
-0.902899
2.238568
-0.947471
1.042097
3.059744
4.687199
-2.210078
-1.546147
-3.051567
1.300670
-1.182749
-1.584335
3.281111
0.550397
0.356243
-0.169642
0.255545
0.150261
0.990880
3.502910
-0.735695
-1.083887
0.180091
1.070752
2.529715
-0.096234
2.643824
0.526231
-0.213270
3.432778
-1.783366
1.057838
-1.451706
1.784361
1.373104
-0.062917
1.509015
0.189679
-0.082755
3.590237
0.006112
-0.248714
-0.600368
-3.213642
-0.354381
1.213516
-0.651203
0.475325
1.019195
-1.689049
0.688147
-3.954708
0.244396
0.625691
1.601719
1.482080
-0.215468
0.865107
-1.965530
2.894062
0.780870
0.013658
-0.351150
1.057824
1.863563
-0.561841
-1.299344
3.297562
-0.660192
0.835574
0.503196
0.736586
1.349285
1.748831
-1.481918
-0.728477
-1.053219
2.280852
-0.791600
1.144731
-1.055657
-1.690008
1.893112
0.133496
0.464056
-1.785027
-1.264264
4.609751
-0.590885
-1.000880
1.950716
-1.125635
1.647375
-0.747802
0.815239
1.276260
1.598120
1.458697
-0.638481
2.245606
-1.905383
1.853800
0.010960
1.605674
-1.351034
1.453785
3.982464
-1.227513
-2.238289
0.739367
0.223983
2.245998
-1.095242
-0.390450
-0.978831
4.312518
0.485550
-0.836217
-0.001299
-0.467007
-0.659264
-0.542596
0.410852
0.519025
1.459493
1.080239
0.737760
-1.362520
-0.398344
1.284938
-2.609889
-0.832712
-0.215974
0.471551
1.574449
1.542193
1.059762
2.332575
2.222907
-2.124546
0.182464
-0.220015
-2.783103
4.083981
-0.519767
0.041644
-0.200159
0.021649
-1.999579
-1.258574
1.058915
1.059912
0.497244
-1.001803
0.605026
0.685699
-1.912536
3.102446
0.125115
3.152421
0.467474
-3.143366
0.249480
-0.551151
1.101400
-2.526001
1.850297
2.268349
0.332063
0.709353
3.363806
1.754026
1.911998
-2.847536
-0.292519
0.297898
0.390341
0.997603
-0.357679
1.362520
-0.026551
0.427106
-0.665815
-0.341842
-0.317967
0.495904
1.062467
-0.456295
-0.339876
0.938782
1.600370
-1.151159
-0.773674
-1.440345
0.975278
0.331513
2.028282
0.664187
2.815568
1.124037
-1.496042
-1.041090
1.079334
3.070581
0.550385
-0.906029
1.923048
0.445901
2.377591
0.230942
2.273272
2.543008
0.054708
-0.625306
1.645854
-0.378687
1.962237
-1.367217
-1.100143
0.087062
1.095825
0.839703
1.462035
3.932987
0.838232
1.425934
0.564441
0.212330
2.342694
1.721198
0.788640
-1.014931
-0.305234
-1.138018
1.442987
1.483792
2.189547
2.557564
1.264325
-0.270264
1.302593
-0.908326
0.523932
1.111646
1.898186
-0.560056
0.760031
1.573108
-0.293272
-2.198514
3.175523
-1.646059
-1.104716
1.154869
0.335164
1.313998
2.487480
-0.721317
2.037963
2.397010
1.179215
-1.116088
-0.358597
0.998958
-0.809129
0.119164
0.396112
-0.343209
1.934677
1.279284
3.969341
2.042573
0.678786
0.553627
2.252123
-0.385941
-0.545261
0.463498
-0.073057
1.139068
1.684619
1.266795
2.082162
1.583102
-0.460290
0.711023
5.531672
-0.657681
-1.394043
2.904418
0.187265
2.290882
1.382696
-1.255943
-0.369469
2.309903
-1.257771
1.740049
1.768825
0.827027
1.761099
-1.863501
-0.100443
1.904807
-0.524400
0.788800
1.512122
2.788877
2.119094
-1.100659
1.335661
-1.280851
1.106461
2.679233
0.284307
3.038834
1.572252
-1.888469
-0.028719
3.260965
0.506779
1.361429
1.425707
-1.742610
0.107002
0.113640
2.619054
-0.891315
-0.349633
0.640180
0.230512
-2.352917
2.418414
1.743754
-1.988630
1.513323
1.846997
0.316317
-0.253180
0.168305
0.083905
-1.372777
-1.882413
0.885821
-0.624973
-1.905966
1.382752
-1.269926
-1.911986
1.055373
0.647515
-0.290379
0.922471
1.942166
1.457655
-0.539832
4.312873
1.640012
1.665055
1.635369
1.049090
-0.967216
-0.134583
1.931249
0.767118
1.532423
3.187125
-0.389193
2.854859
-1.385612
-2.277503
2.219267
1.789647
0.971908
-0.167187
0.779768
0.843747
2.802750
1.142054
-1.408152
0.728806
-0.293596
0.079100
2.123415
3.391962
0.585870
0.246283
0.851826
0.152199
1.390711
2.630589
0.952406
-1.428651
1.196732
-2.099709
2.131837
0.009636
1.252872
-0.246927
2.020085
-0.046022
2.669912
1.924288
0.856205
-0.404494
1.098113
3.450096
1.004383
-1.561791
-1.273033
3.935625
3.982213
-2.104851
-0.628995
1.109554
1.350510
1.900439
1.298232
0.248262
-0.821834
2.034096
1.299470
2.322335
1.970248
1.276682
-1.213530
-0.196491
1.122420
0.315670
-0.627429
-0.520005
-0.694990
0.857150
-3.078214
1.790902
1.547055
2.449842
0.848296
-4.078370
1.445380
-0.360170
-0.987845
1.808067
1.604879
-0.746193
1.278741
0.020706
1.311874
1.319405
-0.599482
-0.281920
0.496075
-1.515128
0.472589
3.674712
0.932964
0.598142
2.120054
-2.380440
-0.864635
1.726379
0.424498
1.313153
-2.818986
4.979798
4.215690
0.125360
1.679408
2.788691
0.864800
3.755568
-1.213545
1.993623
0.391180
3.096991
0.662766
1.385239
-3.407406
0.544911
3.107710
3.208122
1.286363
-1.190889
4.847117
-1.539137
-3.007926
0.705463
-1.019354
0.696228
-1.853598
1.220894
-3.429576
-0.428975
-1.155831
1.108322
0.951585
-0.541331
-1.356808
-0.480281
-0.349418
-0.387697
1.806747
1.350150
-0.522208
1.321605
0.915070
-0.467667
0.074915
-0.037535
-1.374250
1.962702
0.157009
-1.939483
-0.155737
1.964268
0.297285
-0.896652
3.476093
1.196843
1.380907
0.061903
1.296390
1.484938
2.234033
0.438480
-1.645200
1.451978
0.453706
0.128167
0.216302
0.009485
1.025301
0.252997
0.096208
0.501160
1.538049
2.640980
0.846463
-1.657734
2.515402
2.955466
1.339411
-2.098179
0.104033
1.490770
0.954443
2.369126
1.023096
2.329904
-0.067663
-1.486093
-1.372056
0.486588
1.227282
1.652991
-1.117673
-0.346871
0.385810
3.779500
4.160758
0.210798
2.138870
-0.416768
-1.701659
1.386813
-1.927291
-0.891463
-0.311477
0.391599
1.145784
1.370768
-0.149225
2.885353
-1.646629
0.734569
2.536399
0.881038
0.427406
1.622162
-1.278011
0.537137
2.982006
1.538806
-0.172895
1.465026
1.702384
0.069396
-1.710749
1.932485
0.085599
-0.285710
-1.907188
0.108025
1.134286
1.482901
2.021126
1.613305
2.287993
-0.255763
0.217439
0.108713
0.860501
1.300233
-2.739953
3.182441
1.697874
1.091767
1.989988
0.420341
-0.578658
0.608950
0.133819
-0.058968
-0.092971
1.213348
2.303523
-0.701062
0.490230
0.059844
-0.734562
2.686420
1.195469
2.926067
1.122348
-1.373474
-1.941825
3.233128
0.831416
-2.487810
0.434143
-1.336799
2.212257
-0.128039
2.368874
2.504054
0.588591
2.174787
0.418277
1.694807
1.582231
0.236731
-1.041251
0.562761
-0.406086
1.942366
0.734812
1.107585
2.937135
-0.973164
0.652558
-1.393761
-1.390532
-0.277948
0.382977
-0.609150
1.295943
2.279757
0.417514
-2.447788
-0.238111
3.623861
1.223029
0.061762
0.338409
-1.037709
-0.317995
0.354669
1.687085
0.182409
-1.725639
-1.313772
0.496988
-0.855824
0.238924
0.364932
-0.826023
0.657646
1.845625
1.609859
1.391712
-0.135507
0.470423
4.532988
1.404197
0.587869
1.951926
3.023838
-0.161951
3.499476
-0.178993
1.415206
-1.774664
0.380796
0.157623
1.631173
3.367655
0.886890
0.391778
4.332251
-0.245890
3.222399
1.486473
-0.372883
-2.370643
2.873923
1.200494
-0.576269
0.785375
-0.535414
-0.397169
1.014557
0.965568
1.912035
-1.557943
1.963719
0.462962
1.451331
0.961081
-0.491343
-2.101230
0.073886
1.029055
-2.014175
-0.577902
0.930926
-4.711648
0.273656
1.115573
0.892656
-0.511743
1.173133
2.511186
-1.342341
3.367639
0.563739
-0.199480
-0.518206
1.734462
2.134341
-0.888391
-2.397378
0.505646
0.092033
1.760240
-0.130772
-1.339000
1.171414
0.748248
2.979923
-0.647005
-0.449783
-0.527141
0.977671
-2.163576
-2.112946
0.841739
0.430335
0.733871
-2.787741
1.275323
3.249230
1.817449
-0.425777
1.026951
-0.313820
1.824271
-1.634141
-0.317903
1.833693
2.457976
-0.522526
1.881518
-0.008751
0.931171
0.705539
1.697367
0.819682
-0.961550
1.562312
0.089870
5.699678
1.571605
-2.114477
0.466595
3.451121
0.031649
0.216176
0.625693
-1.489193
0.940327
-2.902477
0.543767
-1.522178
-0.830491
1.702248
1.852316
3.568459
3.371311
-0.395676
-0.071783
2.544540
4.010821
1.058517
1.716662
0.804382
1.157244
0.733248
-1.306331
1.616700
-0.717559
2.554200
-0.231565
-0.200711
-0.175020
0.945783
1.365433
0.575418
-0.374449
3.732596
0.606821
0.344578
0.999701
-2.146461
-0.302750
-1.158919
1.676527
0.147973
0.344681
2.078226
-1.501626
-2.920839
0.368240
1.627471
2.601293
-0.148958
0.183746
-2.001276
0.477952
1.373577
2.671501
1.277332
-0.228910
-0.729716
1.752770
-1.335731
-1.337856
3.575144
2.342436
-1.985142
3.895590
0.438835
0.167895
1.144829
2.421322
-1.867444
0.615012
3.018459
-0.837368
1.110247
3.417122
0.202129
1.269261
1.689703
-1.272758
0.524631
2.130497
-0.943118
-0.617030
-1.381323
0.073924
1.647912
-0.951404
-1.967523
0.755477
0.456394
1.470219
-1.285686
0.617889
1.779567
1.088571
-0.105199
1.785061
2.049694
-0.958334
2.269632
1.940312
0.533438
-0.774279
1.677633
-2.422585
3.122446
1.884052
-0.080755
0.558663
3.914129
2.223048
-0.152587
-0.935177
1.258587
-1.112576
0.327336
-1.517869
2.165298
2.261087
0.809570
2.983952
4.149368
1.728191
1.816436
0.481581
0.358774
-0.106910
-1.038046
0.562933
0.495480
-0.287875
1.558972
-0.785757
-0.257913
2.654086
0.031449
2.928243
2.385442
-1.609797
-0.957930
-1.293911
0.186761
-0.380808
1.210637
1.997262
-0.112131
0.219256
0.976368
-0.020606
-1.993877
1.007786
-0.644821
-2.096771
3.655208
1.697620
-1.242042
0.363547
1.673152
-0.491389
0.788763
0.992012
1.630221
2.572168
2.899409
0.444352
-2.107666
0.693594
1.825852
-0.357207
2.921510
0.503897
-0.760909
1.306519
2.056101
-0.981879
1.692283
1.109695
2.036175
1.574673
-1.392611
2.535500
-0.069270
0.461677
0.034015
-0.448600
-0.853458
0.493540
2.013726
-1.210846
0.175165
0.347551
-0.584753
0.639095
3.506109
2.374189
3.269111
2.131787
0.424231
-0.472944
-2.214679
0.685176
1.353433
1.734478
0.027429
-1.751791
0.677828
-0.087294
0.547048
3.766990
-0.513319
3.647893
0.558133
-3.234324
3.175113
3.490729
2.119157
0.929502
1.950255
-1.196724
0.280399
-1.522468
-1.536335
-0.487266
2.092986
0.480369
2.335160
-2.509532
-1.158171
-1.302405
-1.546208
-0.143121
0.919463
-1.779025
0.711746
1.281204
-0.618881
1.460625
0.839926
2.141445
3.257937
1.018965
3.592170
-0.572283
0.476926
2.447423
-1.099584
1.035300
-0.975435
-0.928649
-1.921629
2.365309
-0.686911
2.267097
2.611377
-2.672365
-1.529131
1.053699
2.693962
0.135996
-1.079317
-1.634813
2.718969
1.196140
-0.841599
2.249370
1.207798
-0.100498
0.419793
0.050105
-0.758429
0.503399
-0.213271
-0.134612
-1.493903
-0.479429
0.242352
-0.563508
2.598174
-0.276186
0.401032
-0.589290
4.237946
0.853495
2.627560
2.340051
1.500167
1.941543
-0.459371
0.886112
-0.258059
1.310179
0.763352
-2.320025
0.588573
2.806984
-1.332458
-0.363343
-0.942676
0.117597
-0.033223
2.382242
-0.031683
-0.032233
-2.315449
0.695477
-2.332036
-0.107723
1.459798
1.926979
1.088831
0.495866
3.769731
3.610925
-0.458958
-0.504561
-0.443082
4.325490
0.785649
-0.261056
-0.659232
1.329185
0.808590
3.162948
1.185920
-0.223461
0.177015
-1.681103
-4.594438
0.372017
1.588456
1.243971
0.511962
0.392273
0.485354
-1.057801
2.518303
3.608136
1.019275
-2.540248
-0.703338
1.667194
2.364020
0.371465
-2.160822
-0.134296
0.709323
1.158665
1.245347
-0.781198
3.246228
-0.548136
2.087127
-2.397375
0.193233
0.566319
-0.932427
3.026084
-0.114498
-0.292725
0.425656
-0.363861
1.360702
2.790397
1.997877
0.666126
1.813913
0.234966
-1.560482
1.279810
-0.918454
1.531249
-1.177177
-2.083236
0.005880
-0.339118
0.908504
0.783157
2.087326
-0.244599
-0.194553
1.485108
-0.316321
0.527725
-0.423857
1.072720
1.789167
1.225913
-1.584874
-0.305077
0.540686
0.995605
1.959100
1.446626
1.613375
-2.519429
0.162492
0.321134
-0.051926
1.397059
-1.290951
1.428343
1.159055
1.943857
0.997014
-0.593156
0.866950
-4.286523
-1.169260
0.522330
1.646181
1.526288
-0.672818
0.339407
-3.496934
1.415554
2.515986
2.016180
1.557833
1.093052
0.360622
3.600396
1.098439
-0.435784
2.057044
-0.186587
-0.160479
1.670745
-0.386836
-1.215058
-1.512396
2.288825
0.615099
-1.626286
1.647606
-1.074622
-1.431797
0.772060
2.571051
1.300429
1.442930
-0.306501
2.051496
-0.426790
-1.502275
0.533649
-0.129122
3.561284
-0.295978
0.476491
0.440191
1.226617
-0.467511
-2.386364
0.353622
3.678755
-0.507158
0.475031
2.847731
-0.016028
0.757960
-2.300750
1.126905
-1.711650
1.398880
1.864605
-2.919611
1.672233
-0.446304
0.035869
1.984445
-0.335393
-0.391060
-3.425426
2.085984
-1.665497
-1.074213
1.781252
-0.636919
0.645552
0.567101
1.994113
-0.577192
1.299732
0.554428
0.007700
0.874870
2.641831
0.679186
0.712740
-0.973607
-3.006045
-2.152398
2.516157
0.119740
-1.242191
1.735275
1.505451
0.907335
-1.133929
1.778848
3.087481
-2.040699
1.126431
-0.405075
0.059433
1.461989
0.736806
2.815450
-0.345896
-0.639723
0.714776
1.037317
0.387222
-0.061405
0.698139
2.758874
3.185363
-0.870086
4.103109
2.259450
-0.524456
0.015194
-0.154507
-0.249926
1.347611
0.045896
1.024100
0.457469
-1.551001
1.601902
1.383261
-0.929601
-0.408729
0.799530
0.859009
2.600113
-2.080557
-0.900270
0.929056
-1.226090
2.541967
0.675684
1.285597
-1.387327
-0.256138
0.114406
1.539506
-1.362988
2.151705
2.302062
-1.086940
-1.061038
1.300288
-0.529442
-0.223495
-1.203563
3.785989
0.651712
2.156202
-1.173057
-2.545459
-2.222375
-1.433111
0.169972
-4.117212
2.698151
0.607518
-1.021164
1.345695
-0.006344
-1.223978
-0.198871
0.812701
0.687268
1.678621
-1.356475
1.117827
0.868075
1.844463
0.985327
0.530180
-0.841172
0.198940
0.711468
-1.553537
-0.164801
0.309823
1.283074
-0.121647
-0.137142
0.664540
0.762204
-0.481503
-0.233943
1.446633
-0.119322
0.232102
0.089755
0.475774
-0.769184
2.835644
0.356994
-1.721210
3.397305
1.921127
-1.228604
-0.408068
-1.121426
0.913419
-0.698449
0.058544
1.902982
1.213753
0.272854
1.550630
0.190812
2.355109
-0.024574
0.117119
-1.303512
0.569839
1.307064
-1.158135
-0.433590
0.830011
1.522479
-1.492063
1.733123
-1.186927
-0.980193
-0.227978
1.059844
1.233323
1.417889
-0.614270
3.944438
-0.002689
-0.903140
1.597801
3.742332
0.999515
2.306998
-0.926884
0.880387
4.366994
0.278899
1.595693
3.241822
-0.965254
-1.207083
0.656121
-1.767088
1.367316
-0.221730
1.472635
1.731887
-0.305497
-1.130452
-0.293371
1.869662
2.051425
0.418309
-1.267482
1.539052
0.224033
0.072927
-0.879784
1.825422
1.752327
0.560069
2.796771
1.489957
-0.431795
1.482307
0.037226
-0.699461
0.985067
0.764725
2.039911
3.285376
0.531363
0.608658
0.806269
0.492448
-0.237543
-1.660163
-0.290305
-3.324919
1.001652
1.235160
2.218388
-0.820185
1.895712
2.121093
0.291375
0.398523
-1.606226
0.444324
-0.244014
-1.846100
0.549676
2.712234
1.304402
1.023204
0.757957
0.036468
0.688832
-0.007175
0.836210
-0.187428
-1.198242
2.358921
0.007882
-1.761776
2.047570
0.632042
2.097765
1.970542
0.783350
3.195011
0.572125
1.147664
3.261723
2.513569
1.480365
3.157558
0.571806
-2.093550
0.286566
2.023210
-1.149963
0.481383
1.701589
-1.085122
0.514362
3.898091
2.765655
2.838374
0.984047
1.184105
-2.357067
2.123133
-0.379746
1.630538
0.179906
3.408477
-1.482478
1.437183
0.308472
0.015451
-2.170360
0.664859
-0.365481
2.566923
0.642937
2.758818
1.215865
-2.534695
2.035170
-1.288754
1.274909
-0.065287
-2.339569
0.679015
-0.438173
-1.617434
-0.451395
1.724402
-0.183123
-2.232572
0.836352
-0.267595
0.346095
-2.275194
3.491927
1.177824
-0.584565
2.002506
-4.007437
2.848210
-0.120000
1.331506
1.254515
1.307599
0.242112
-1.841110
-0.421210
0.099240
-0.352597
1.800122
0.789613
1.600182
0.803909
-3.079515
-0.882031
-1.222555
-0.789199
0.253493
-0.295238
-1.151124
-1.830082
2.445085
0.716591
-2.305098
2.664689
0.170967
0.795124
1.243982
1.778125
-1.308892
3.028536
-0.507276
0.690024
1.519322
1.964203
-0.196643
4.254398
-0.773231
2.499759
-0.912823
-0.866593
-0.569980
0.803164
0.041050
1.597130
0.050796
1.086853
1.253677
2.001713
1.615241
-0.061537
0.584394
-0.500131
3.437149
-1.258991
0.469528
-0.060629
-0.434799
0.225067
0.054670
5.043009
0.743846
2.409852
2.109213
1.023003
0.425288
-1.403749
0.615724
-1.185998
4.380522
1.640245
1.323052
2.306613
0.890679
-0.566118
1.399386
-0.006028
-0.925001
-0.045218
0.459546
2.471137
0.488105
0.758656
-0.385436
-0.180445
1.338559
0.517248
1.063364
2.484093
-1.123077
0.581715
0.419624
1.186844
0.382182
-2.498616
1.409380
0.067571
-0.362316
-1.332544
1.477645
0.594457
1.566381
-2.515157
1.296938
1.217179
-0.886602
-0.261127
-0.695414
0.706644
0.325114
3.555446
1.731644
2.252315
-0.431287
1.291842
0.019697
-0.683833
0.251859
-0.472512
0.984321
-0.614403
-1.458853
-0.935919
0.351375
-0.976031
-0.584823
-0.417628
1.330834
2.766679
0.215736
0.875646
-0.862397
1.641909
-1.951772
1.701486
0.998221
0.520150
3.233330
-0.392311
1.375817
1.211165
-0.186151
-1.584057
-1.166970
-0.587483
1.150744
3.624939
-1.870113
0.467673
1.727638
-0.037099
3.234431
-2.024249
0.884574
-0.477687
2.932827
1.265533
0.473242
-0.331759
-1.873442
0.184738
-0.765064
-0.490912
1.840267
-0.274967
-1.872553
-1.797513
3.130272
0.817374
0.695677
-0.015771
0.349939
0.597295
-1.414130
1.323664
0.564227
0.510202
0.321441
0.454312
0.212881
2.248213
1.657205
2.959997
1.311015
1.467853
-2.071088
0.304149
-1.250707
2.198457
1.177601
0.590808
-0.696211
0.090414
0.489808
2.396503
-0.964377
-0.514999
2.596338
1.141710
-0.928986
-0.756702
2.196241
1.210302
2.835130
0.168135
0.877128
3.484730
-0.967769
0.938191
-0.756894
-1.145957
1.567440
-0.945915
1.798653
0.910141
0.413115
-1.752067
-2.005801
1.643420
2.221080
0.061143
-0.423063
1.222095
2.422143
0.244622
-2.053937
-0.424621
-0.139577
2.552998
0.946343
1.923517
0.607403
-1.302880
0.803693
-0.645284
0.289860
0.595863
-0.502745
-1.202909
1.013164
1.080349
-0.961980
-3.724435
-2.688245
-0.190356
2.459953
-0.934530
-1.541537
-0.574693
-1.140926
-1.156961
-2.064350
1.625166
0.157252
0.263918
1.361562
2.600013
-0.560688
3.313704
0.280944
-0.272730
-0.740330
-0.449595
-2.353168
-0.810168
-2.196102
-1.726619
0.047212
0.371373
2.936215
1.784599
2.277638
-0.623658
-0.379827
0.956325
-0.678374
1.309584
-1.265518
-0.488351
0.961117
0.881418
1.094072
-1.451779
2.701486
0.291143
1.106844
0.460803
1.571931
1.051023
-0.335912
-0.985811
0.761628
-0.470305
3.144387
0.490831
0.526093
4.029844
-0.251815
1.025408
1.482511
1.177508
1.788129
0.668290
0.700906
2.858615
-3.358238
3.535633
2.511233
0.870819
-1.899465
-2.198636
-1.048742
0.104502
0.230565
-1.447433
3.299029
-0.881408
1.658972
3.408392
0.755315
-0.125606
1.838020
1.132586
0.241783
2.562227
1.323794
1.571003
-1.553691
1.010404
3.106871
0.828795
-1.599970
-0.427384
0.107506
2.264528
-0.718785
0.525161
0.410273
3.597418
-1.516321
-0.186809
2.702949
1.626878
-1.761089
1.326097
1.554699
3.671910
1.849300
-0.000934
2.296707
2.303680
-0.979018
0.167971
1.099348
1.238876
2.124775
0.882988
1.071776
3.385879
0.085039
-0.391532
2.603280
0.345149
0.980676
1.520051
2.001127
-1.190245
-0.518809
1.118192
-1.599384
0.155401
0.749070
1.903617
-1.552818
0.450169
3.917252
-1.835515
0.108136
2.469794
2.670636
3.090797
0.812761
-0.477063
-0.139058
-1.090765
0.515370
2.944935
-2.513720
1.950526
-0.967014
3.338232
-0.442044
2.088459
-1.489670
-1.159595
3.257323
1.058244
2.838805
1.300702
1.546654
-1.193214
0.496712
0.899237
5.789927
0.877878
0.412274
-1.556170
-0.362230
-1.468536
1.099197
1.015345
-0.900682
-0.418631
0.753947
-0.026646
2.687782
-0.165870
0.482670
0.462156
-1.395178
0.371321
1.148390
0.091452
2.112858
1.676589
1.847279
-0.125538
0.164661
0.185205
1.014479
-0.843182
0.558064
0.732165
-0.366768
-0.528906
-2.299652
1.430217
1.775871
3.937063
0.592773
3.031316
0.990137
-2.236173
-2.310507
-1.727992
-0.817923
1.600653
0.723937
2.318284
1.954473
0.659505
-1.318296
-0.847450
0.339548
1.291313
-1.560748
2.402216
-0.774435
-1.370369
-0.510076
-1.153706
2.567966
1.246316
-0.006391
-0.535927
2.280405
-1.078043
-0.922081
-1.461049
0.223048
-0.567421
-0.362390
-0.931833
0.842077
-0.683729
3.342809
2.952095
1.534680
-0.416846
-0.059262
2.645557
-2.373733
3.995790
2.277271
0.137796
1.130556
0.354239
-3.546536
-0.794069
-1.371523
0.018698
3.528109
2.751287
2.308135
0.239824
-0.419802
-1.848929
-0.585742
1.410155
0.654137
-2.028666
1.286644
-1.963263
-1.444709
2.180362
1.623239
-0.511349
-1.276553
0.834293
1.009821
-2.647898
1.166479
3.764625
1.464530
-1.690666
0.961906
3.648302
2.605433
1.234648
0.223886
0.043394
3.844976
1.341099
-0.696827
-0.884209
0.650715
-0.407509
0.317533
0.996529
2.266407
1.546737
0.463887
1.529899
3.255135
0.250115
-0.796678
0.230951
-0.300901
-1.529020
0.750505
-0.059922
1.125677
1.729654
-0.388167
0.858706
-2.557771
0.372592
1.192396
2.467676
-0.225888
-2.448293
-0.360758
1.470117
0.170151
0.308343
1.592007
0.320226
0.686434
-0.627851
-0.120394
1.962858
2.744749
0.876131
3.388934
-0.014114
-1.938582
-1.150592
-1.016426
0.379958
-2.016235
1.056584
-1.148868
2.014564
1.179651
1.053784
1.638744
1.161421
1.419505
0.702026
2.114667
1.801774
0.697167
1.229213
0.301351
-1.701246
-1.358754
0.884649
0.715601
2.777059
0.730899
-0.439899
-0.373950
0.640256
-0.676749
1.976148
-1.552334
1.074414
2.381268
1.990949
0.431555
-1.328178
0.300482
0.184482
0.285737
1.108271
1.409239
1.069242
0.615759
0.634481
-0.088407
1.287801
0.465165
0.241835
1.580375
1.642179
0.248067
-0.365448
3.169434
-0.596236
-2.473464
-2.433091
-0.518150
3.349983
1.151425
1.001119
0.455832
-0.206663
0.262612
-1.748878
-1.803687
0.916481
-0.279458
2.506001
-3.642666
-0.211585
0.874324
0.503707
0.422816
0.012097
0.618868
0.517999
3.519993
1.043822
0.945061
1.054647
-2.046390
1.958443
1.432837
-1.003438
0.625166
1.058012
3.680986
-0.177460
-0.884695
0.103250
2.303648
3.040841
1.800787
2.393756
-1.307120
-2.386774
-0.036053
0.962671
0.557987
1.050264
4.699693
1.174324
0.708236
0.555485
-0.350453
0.120087
1.066548
1.981018
1.516400
0.577505
0.601017
-2.062813
2.083355
1.858572
0.133950
1.581811
1.795435
0.869038
-0.440330
-0.135337
0.084639
2.210433
1.927926
-0.003875
1.798995
-1.601520
0.823689
-0.832613
2.828729
0.680848
2.945735
1.428988
-0.702601
0.127076
0.572435
0.443269
-0.715413
3.564243
1.564330
1.359815
2.732354
0.045158
0.434711
-1.128126
2.332723
-1.130120
2.451013
1.135413
2.027891
-1.608755
-0.436433
-1.239647
-1.572009
0.580885
-1.648354
-0.867661
-1.311138
0.296891
0.056599
-0.102307
0.500821
3.198195
2.546970
0.971880
1.153950
-1.341848
1.594265
0.377601
2.245350
1.768450
-0.392478
1.283443
1.840489
-2.671201
2.338232
-1.115006
2.171530
-0.606433
-0.983330
0.927902
-0.192739
3.095622
-0.119444
0.915636
0.934402
3.673312
-0.928297
-0.996240
3.426778
0.578963
2.369107
-1.198479
0.148716
-0.811582
2.550946
-0.803891
0.202691
-0.302717
1.947306
-0.761350
0.028649
0.414500
1.131713
-0.062840
-1.100628
-2.580588
2.741926
-0.841444
-2.170592
-0.313692
0.561720
0.955867
0.935000
1.412695
-0.785880
2.408157
-0.441892
2.009709
2.751538
1.254805
-0.206435
0.493255
-1.441827
-0.777301
-0.742709
-0.459187
2.777243
1.957780
2.006062
4.154182
2.361375
3.655337
-0.429945
2.107814
1.853083
1.827615
0.178966
0.255861
0.733571
0.123681
2.108730
-1.130226
-1.027983
1.051849
2.073552
2.725353
-0.916744
-0.123320
0.127103
-1.617709
1.579653
0.670087
2.125575
0.606888
-1.418445
1.960606
2.943710
1.933372
2.657678
0.787537
-2.156303
-0.184039
-0.249232
-1.256744
3.191835
-1.724342
-1.009255
-0.632836
1.733876
1.613464
2.462881
0.300302
0.918704
0.840608
2.730351
1.371320
-1.587318
-0.538118
-0.878386
0.718703
-1.306035
2.493670
-1.803800
1.798756
0.631501
-0.055304
-0.814172
1.125571
-3.079283
0.898132
1.084227
0.523840
0.475719
1.987997
0.893587
1.044416
1.448027
0.786376
1.314551
1.422125
-0.018091
2.158643
0.745292
-0.340758
3.165710
1.291944
-1.326104
-1.070951
1.018740
0.735260
1.121537
0.653797
-1.273106
3.062339
3.973680
0.535658
0.809872
-0.686372
2.286658
-0.760993
1.079709
-1.287185
1.317132
1.826729
3.258103
-0.454386
1.885821
2.269267
1.520850
2.628038
0.903046
0.440093
0.155238
-0.677635
2.183472
1.445662
2.540686
1.566883
0.627150
0.393194
2.879183
-0.101439
-0.554224
-0.316777
-1.181770
1.479120
0.549554
0.556258
0.840869
0.566924
-0.883813
-0.418561
3.454973
-0.651285
-1.024076
-0.052447
0.464143
-2.842671
0.302254
-1.189075
-1.864150
0.516288
2.768553
2.414950
1.701105
0.057618
0.437260
0.694999
2.753576
0.668350
2.170221
0.570248
2.885305
1.691353
0.269545
1.672218
-0.338240
1.796177
0.883355
4.228663
0.050370
-1.194211
3.183338
1.246298
0.620465
1.857715
0.612247
2.433598
3.185241
0.439104
-0.213653
-2.817132
0.582579
1.833881
1.123842
0.278836
-1.163137
1.020484
0.395183
1.427717
-0.957885
0.939618
-2.368919
1.000941
-2.241259
0.602178
-1.926950
-2.146414
-0.725875
-1.482633
1.426006
-0.205211
-2.637052
1.670989
-1.406808
-2.729518
-1.002014
0.855889
2.027945
-0.294361
-0.529515
0.259410
0.853423
-1.050151
1.228335
0.331617
0.717505
1.939762
1.883142
0.623704
-0.277839
-0.270551
1.255208
1.346640
3.724510
-1.027352
-0.307947
0.191818
1.072000
-0.500736
-0.790882
-0.725482
-0.492912
-1.304753
-0.828391
1.476028
1.293579
-0.472666
0.560357
-0.949789
-0.047099
-1.796308
1.194932
0.031654
4.235043
0.162082
-2.084339
1.257759
0.742297
-0.501949
0.552043
-0.807132
3.355838
1.749727
-0.120817
1.650326
1.551029
0.772775
1.754699
0.079948
-0.692626
-1.194929
-1.023100
2.738232
-1.243619
-0.108805
2.418395
1.506794
-0.515679
0.741629
1.069229
2.817917
-0.105788
-2.406321
0.625473
2.212845
0.805654
-0.613281
1.603129
2.649806
-0.643510
0.445359
-2.483026
0.769007
0.808686
-0.372738
0.121480
3.653984
1.444000
-0.019138
0.752033
-1.047396
1.999653
-1.233361
0.636456
1.897724
-0.700716
1.263048
1.463968
1.594898
-0.000560
-0.725342
1.823291
0.942985
1.147784
0.003891
-2.668544
0.414830
-1.036143
1.503183
1.169211
2.733027
1.311254
-1.245947
-0.566431
1.134895
-0.579648
1.701745
-1.486000
0.572973
-2.091171
1.136441
-1.564054
-1.755643
1.888189
0.021088
-3.221440
2.300837
-0.617266
0.647656
2.226907
1.342287
1.607705
0.424807
2.312640
1.804144
0.540917
0.873234
-0.383902
-0.021178
1.550435
0.345907
-1.483268
1.625335
0.448672
-0.681482
0.375369
-1.118575
-1.990012
0.604484
-0.338267
-0.082303
1.370738
-0.965787
-0.905539
1.831858
-1.113650
1.477852
-0.434615
-0.263557
-0.461548
1.042202
1.144338
0.011138
-0.072976
-1.396307
-0.892887
-1.095991
0.183025
0.801204
0.512802
-0.360122
1.580007
-0.954138
3.214306
0.392010
1.234254
0.592353
-1.292016
1.412637
-0.023002
0.855755
1.514383
-2.552171
-0.423866
-0.114572
-0.615822
1.735283
4.005127
1.471588
-0.045371
-0.399414
2.682837
-0.829290
-1.264560
-0.232505
-1.010583
-1.006871
1.494597
1.670986
-0.506249
0.607785
-1.524191
1.597278
1.657709
0.510553
1.000282
-0.942598
-3.675741
2.146882
-1.008410
0.615486
-1.455893
2.128444
3.629563
1.644940
0.581296
-0.204754
-0.782652
-0.407604
-2.755486
0.536849
2.186611
-0.089593
-0.286941
-0.265374
-2.118260
0.476065
0.206173
-1.517761
0.904114
1.668033
0.056355
2.108170
-2.130242
0.448966
-0.957322
-1.771450
1.894902
0.936104
0.324358
-0.545172
1.008568
1.609280
-1.157238
-1.013868
0.209442
0.976143
1.566115
1.036780
1.355050
-1.658863
0.593235
-0.820339
-0.441172
0.011681
-0.703952
0.714358
1.169273
1.463298
0.907015
2.753993
-2.486684
0.058517
0.476725
1.907454
0.911267
0.043936
0.253532
1.116354
0.792853
0.797087
2.803175
1.847332
0.164639
-1.124564
1.271491
0.939655
-2.599997
2.661197
-0.822536
0.659834
-1.276204
-2.685535
1.367260
0.109307
0.813397
-1.474719
1.985467
1.073745
1.062378
-0.166275
2.232043
1.930530
0.583476
0.821947
0.890440
1.594700
2.916428
-0.305572
-0.943768
-0.174734
0.694210
0.031185
0.933930
-0.920849
3.028076
0.375653
-0.491836
1.510398
2.852113
2.613081
0.746365
1.354416
-0.129376
-1.514015
0.498710
3.248460
0.320467
0.933404
-0.546700
-0.176326
-3.313121
3.609259
2.683402
0.872293
0.394334
1.432017
-0.639873
0.404710
0.454232
2.490126
-1.066560
-0.940844
0.290778
0.193947
1.459489
1.258917
2.191770
-0.319062
0.707881
-0.422797
-0.182448
0.463034
1.200863
-1.739289
2.227592
-0.777453
0.938215
0.813554
0.327258
1.145264
-1.620893
-0.719365
-1.545238
-2.112528
2.605693
-5.116057
-2.143876
-0.022701
1.055523
0.323171
2.092285
1.889487
1.973328
0.254787
1.835714
1.291033
1.535032
-0.608466
2.126798
-1.112008
-0.953605
1.018665
-1.033105
0.397875
-0.345827
-2.151068
0.478619
1.806576
-0.013282
-1.202337
2.921527
1.562388
0.707338
-0.269964
0.758159
0.879400
1.563650
0.487646
3.787031
2.160946
-2.069096
-0.060219
1.356440
-0.826143
0.929291
0.091513
-0.631226
-1.249084
2.315025
-0.206850
4.086813
-1.820793
-2.899748
-0.825814
-0.234255
5.303062
2.639475
1.194956
-1.155724
-0.056644
0.265210
-0.273434
1.552549
3.753315
-2.603844
-0.141780
-0.355332
-1.324927
-1.804024
-1.422073
0.383405
0.223742
-1.719327
-0.518718
-0.299317
2.220763
1.473319
-2.050847
2.900309
-1.120506
-1.995628
1.658465
-1.186099
1.133386
2.484304
-1.830909
-0.705462
1.913525
0.970678
-1.159391
0.683935
-0.686736
-1.076852
-2.338725
2.321015
1.481355
0.502206
0.324641
-0.550654
-0.305910
0.834442
3.015973
0.050221
-0.897150
2.263327
0.730549
-2.314069
-3.025578
0.529042
1.194137
2.379786
0.123928
-0.543125
1.098810
-1.776681
0.046011
1.410911
3.909071
-0.710707
-1.271406
-1.537037
0.325870
-0.236548
1.591372
0.220143
0.409423
2.687477
0.094452
0.688076
-0.251995
-0.190706
-0.673915
0.744164
0.340297
2.858387
3.197290
2.344232
-0.041989
1.489435
5.042682
2.815774
1.235685
-0.857700
1.290183
1.110394
1.722208
-0.032320
-1.179401
2.346231
0.684083
-0.920863
-0.498283
-1.344249
1.464761
0.408541
-0.275280
1.930547
0.867046
1.733829
-0.363189
1.088693
-0.511671
1.033995
-0.287815
0.540714
2.556973
-0.695644
1.316314
0.242380
0.326141
-1.649949
3.964989
1.741479
-0.290755
-0.481291
-0.018286
1.113793
-1.082255
0.378108
1.313827
-1.288476
-3.097372
0.751757
1.965758
0.540299
1.688242
-0.349784
0.443351
0.388451
0.300156
-0.924397
-0.070124
-2.812870
0.238629
1.921726
-1.352711
0.421359
1.121027
1.490230
1.539652
0.147233
3.036531
2.688889
0.117094
-0.038486
0.496852
2.325013
-0.246460
-1.214476
0.725548
2.740798
0.594986
2.327967
1.233466
-0.478163
-1.509875
2.734235
3.546078
0.656082
-0.320204
3.204018
0.317360
-0.634301
0.635509
0.270068
-0.908977
0.493649
1.460671
-0.724312
0.068207
0.254912
0.608934
2.045491
0.974528
0.645724
-0.516980
-1.572948
-1.938547
-0.884433
0.986520
-0.976373
-3.326960
-2.546813
1.903611
-0.861318
0.635283
-1.914340
0.468910
1.716877
1.485569
0.566079
-0.808604
2.659699
0.445331
-0.343264
-0.001313
2.539455
4.016565
1.742510
3.487370
1.258109
-1.589221
-0.055212
-2.017457
0.931138
2.354721
0.249889
-0.389061
0.241892
2.791523
0.475212
-0.234992
-0.800120
0.505908
-0.851794
1.850209
0.654292
-0.764563
1.437638
1.013380
-1.522354
-0.239352
0.385448
2.884865
-0.243490
-0.788858
-0.657534
0.294519
2.937001
-1.066984
1.170377
2.396248
-3.122182
0.210437
2.276705
-1.388082
4.688937
-0.145538
1.133556
0.493140
0.953983
-0.795037
-0.902444
2.487162
1.220246
-1.237230
1.928993
1.667769
1.620791
-0.315215
0.081281
1.281024
-0.199514
0.356765
3.463855
0.751234
1.123580
3.173905
-0.071378
-0.680562
1.471932
-0.379611
1.546629
0.709553
-0.694376
2.946408
1.042587
3.531935
3.608230
-0.005215
-0.854674
2.425659
1.178171
0.528678
-2.835848
1.583084
-0.021784
0.253452
1.853410
-2.373740
0.242083
0.655257
0.475813
0.122844
0.836412
0.294048
0.010405
4.790096
-1.834668
0.466140
0.512312
0.525251
1.268919
-0.232596
-3.444759
1.737651
0.696285
0.057703
-0.709176
-0.038157
0.926826
0.103706
-0.205520
0.396832
1.471061
1.121657
-1.378801
-3.525792
3.512991
0.881966
1.435493
1.718779
-0.668640
1.235071
1.437814
0.931256
2.593921
0.030870
1.661464
-0.753238
1.378359
-1.770773
3.071273
0.060918
0.590604
-2.636597
2.627618
0.910280
1.240924
0.345920
0.964670
-0.217002
0.289893
1.051522
1.709309
1.860445
2.417682
1.699679
2.195143
0.630899
-2.307158
-1.444231
-0.339413
1.568998
0.142492
0.325288
2.057867
0.444876
4.263227
-0.179363
-0.035998
-1.588542
-2.542540
-0.071463
1.805472
0.099335
0.235566
-0.643281
0.142420
1.924783
0.659968
-0.193853
2.232302
2.208985
2.245882
3.217562
-0.721553
2.038076
1.182515
3.631415
1.783986
0.140768
-1.602400
-0.647774
0.742416
0.377804
-0.740993
-1.485009
3.115630
0.370088
-1.560618
0.379088
1.958138
1.510755
0.284913
0.276513
2.951120
0.228043
-1.441061
2.927697
-2.433582
-2.751149
0.283223
2.117229
-1.949180
1.738202
0.461324
0.309232
0.433123
2.156172
-3.354036
1.842371
0.365686
0.285907
2.483770
2.324419
-0.926141
0.735171
1.836810
-0.763155
1.337016
-0.276539
4.075514
-0.369353
0.279627
1.509329
1.248062
0.171072
0.983621
-0.976091
-3.372671
-0.215094
-0.284478
0.717271
1.629454
2.645321
1.884455
-0.687238
-0.182754
1.733930
3.266007
0.086938
1.153206
0.280579
2.622839
-2.038116
1.167156
-0.069874
-0.614953
-0.807294
3.048595
1.063484
2.985898
1.267013
-0.816200
0.116359
0.337705
0.089910
-0.551914
1.901443
-1.520747
2.023099
-1.813962
-0.708163
0.929243
-0.431532
3.948853
0.306674
2.197855
-1.193835
-0.006714
2.191082
-0.463660
-0.169698
0.008954
0.806350
1.109447
-0.218729
2.386724
-0.989551
0.868434
-1.705130
0.875251
-0.818229
-1.055344
-0.687005
-2.409056
0.328612
-0.602687
-2.306073
1.083152
1.697200
1.425078
-0.265673
1.536690
4.285119
0.227107
-3.252396
0.641111
-0.268472
-0.405451
1.870145
1.596202
-0.633383
-0.540014
1.295752
0.167808
-1.195909
1.922251
0.428421
1.230781
0.501061
-1.101823
1.139534
3.525995
-0.850516
3.335259
-0.972524
-0.412536
0.619571
0.237423
-1.413120
-1.095345
0.241126
-0.293103
0.168417
-1.843917
2.486964
0.080232
3.165365
1.839933
0.653336
3.431212
0.100736
-1.468253
-1.099766
3.400659
0.982896
0.986243
0.696618
-0.470825
1.457047
2.350719
-0.735481
0.350795
-1.825424
2.318913
1.624594
1.233954
-0.121717
-0.711502
-2.125570
1.259975
-0.070632
2.117678
0.036303
-0.656404
-1.733146
1.345573
1.183316
2.999309
1.873124
0.596710
4.000630
-1.447349
0.960316
1.014211
-1.678097
1.972722
0.442153
0.552144
0.891790
0.737610
0.958432
0.190894
3.643989
1.706373
0.780181
-1.192438
0.189046
-1.413973
0.519801
-0.757012
0.286736
0.755600
-2.909909
2.132478
1.012854
-1.313082
-0.377744
3.061902
-1.039670
1.065049
0.599110
-0.173650
0.309789
1.877076
2.244587
3.565724
3.389279
0.999479
1.360341
2.562549
1.076057
1.532202
1.479787
0.911923
1.779978
-0.625733
-0.967474
0.023367
0.948650
-1.563262
0.312570
-0.760133
2.473763
3.180104
1.601850
-1.828468
0.944738
0.991547
1.416883
-0.554709
1.772500
-0.554519
0.478566
-2.013104
0.074938
-0.267284
0.418560
2.913206
0.678564
1.315328
-1.258926
1.326404
-0.917810
2.693633
0.098963
2.520878
-0.265675
-0.022781
0.301188
1.493911
1.257874
0.492134
3.524442
1.919297
-1.644418
-1.270954
-0.353089
1.996179
0.249773
-0.025187
1.016638
1.133568
-0.266990
-0.042754
-0.529541
-0.285614
0.982309
-1.053883
1.106075
3.841122
-1.276625
-1.842880
0.349287
1.423312
1.900238
1.204873
1.997673
2.660867
0.951798
1.521072
-0.208819
-0.143314
-2.058283
2.991813
-0.309520
-0.593051
1.792327
-1.187305
1.925359
0.709036
0.303934
-0.582290
0.848166
0.143712
-0.673138
0.706184
-2.844637
1.801746
1.890843
-0.297314
-1.626555
-0.676964
1.243498
-0.356366
0.952133
-0.667286
-0.583471
0.455319
1.760545
1.740625
0.831854
0.303607
-0.715657
2.793481
4.071608
-1.878074
0.779661
-2.575938
0.752346
0.747244
0.093268
-1.402526
0.312055
4.995759
2.206633
-0.933425
-0.261100
3.449618
2.821551
2.733238
1.057231
1.803548
0.928988
-2.252603
1.516525
0.245567
0.655277
0.033430
1.192671
-0.214017
1.490466
3.282437
0.301717
0.222178
1.824058
0.618620
-0.818253
3.326135
0.126394
2.363880
1.391490
1.508666
0.499736
3.586715
-0.764415
2.395893
0.711566
-0.238646
-0.269426
-0.776376
-2.658381
1.115325
1.339050
3.738175
0.716865
-1.214941
-2.134670
-0.018744
-1.549320
0.107227
0.983428
3.130538
0.185454
0.346684
-0.440272
0.236670
-0.121138
-3.261517
-1.634407
-0.975435
0.651377
-1.561788
0.011680
1.185950
2.237695
1.207759
0.204203
-0.361230
-1.397233
1.163110
0.231173
-0.061036
-0.597757
-1.660648
0.243341
1.120798
-0.273663
-1.929056
-2.096269
-1.557143
-0.000496
0.852975
1.876989
0.361445
-1.276014
-1.186089
-0.187979
-0.495633
-0.476065
0.841839
1.224929
-1.276692
0.777026
0.174167
1.774527
1.229851
-0.624290
0.314499
0.249042
-0.822174
2.363666
0.209672
2.226547
-0.101174
0.899903
0.002543
-0.309005
2.034507
-0.076805
-2.547682
-1.079482
2.553868
0.705227
0.903552
1.107430
1.337426
1.666691
0.434434
-1.279760
2.401726
-1.622313
-1.342014
1.127048
1.757853
1.053413
-2.427129
1.185158
1.725848
-0.706745
2.141120
0.845655
0.347942
0.769435
0.809896
1.582308
3.222395
-0.226168
1.380019
1.381519
0.332923
3.247565
2.203972
0.426209
-0.028155
-0.967152
3.294821
0.046733
1.403722
2.719722
1.356133
2.691120
-1.024636
0.804001
1.740261
-2.597631
3.026640
0.974305
2.559649
-0.673221
-0.113559
-0.455026
0.319527
2.266794
-1.852327
-3.186312
-2.305958
0.694378
-1.466012
0.773637
1.537194
0.463312
1.124990
-1.185674
-2.476863
0.849593
-1.864667
-0.244389
0.973882
2.213166
5.037070
1.072726
-0.805726
1.238967
0.544767
-1.045402
3.607653
-0.985617
1.978524
-1.610139
2.968023
-0.156186
-1.942533
1.728989
3.007957
1.319348
1.976136
-0.939575
0.524685
0.598167
1.222433
-1.095119
-1.555186
1.758335
-1.543601
0.185684
1.747495
1.777060
1.673393
3.812129
1.135581
1.062240
0.499696
0.817377
-0.680465
0.428105
4.756102
2.722582
0.989992
1.930381
-0.061546
-1.815778
1.566370
2.221535
1.943645
-0.191046
-0.513754
-0.590382
-1.500779
0.617603
0.171237
-1.821490
0.393042
2.039719
0.588178
2.280859
-0.378567
1.274688
3.292771
0.403368
-0.802437
1.677064
-3.179424
-2.052467
2.277219
0.442360
1.235582
0.168378
-0.084894
-0.889510
-2.908244
-2.432464
-0.816555
2.441228
3.060989
0.828154
0.548012
0.950934
1.669483
1.435273
2.764853
2.955963
-0.957866
4.560063
-1.894617
0.601869
2.479997
-3.265523
2.235449
-0.663884
1.938540
0.112149
1.417799
1.413927
-0.284153
1.268138
-0.819527
2.230910
-0.340139
0.868496
0.669282
1.249812
1.052552
2.562184
-0.878352
1.911687
0.185304
2.153275
-1.256804
-1.872911
1.991447
2.406949
-0.040235
0.371310
-0.494907
-0.487906
-0.889178
-0.118270
2.874513
-1.705920
0.239093
1.245729
1.386958
1.294569
-0.744291
-0.323119
2.225739
0.430348
-1.794519
0.822921
1.356628
2.407882
1.383814
0.316312
1.738432
-1.411598
0.956279
2.634439
1.434289
-1.085619
0.374705
-0.303533
-0.422089
1.248845
1.126931
0.517024
-1.300102
0.245750
0.738500
0.059781
3.592803
0.908622
1.288522
4.307799
-1.551686
1.728840
2.204448
0.258185
-0.229232
2.322145
-0.342088
-0.975257
-1.009946
0.883569
3.623876
-0.402279
-1.232219
-1.314486
1.831004
1.582217
4.378258
-1.826739
1.101985
2.464513
1.287190
-0.589378
3.418247
-1.705451
1.875732
0.437172
2.869316
2.135320
1.569953
0.759264
1.451745
0.034574
0.186767
2.327758
-0.047428
0.104278
-0.161987
-0.489669
-0.557572
1.075738
3.181743
-0.148683
0.895185
1.722458
1.488867
1.366894
2.186751
2.665751
-0.248690
1.578238
2.309841
0.602054
2.663472
-0.658898
2.402025
0.250675
1.014306
0.065980
-0.578882
0.706289
2.024363
-1.209150
-0.485584
-0.239921
1.104238
0.082166
-0.582853
2.990685
1.084096
1.102512
2.645704
1.662542
0.224942
-0.563257
1.526513
0.648763
1.769753
-0.701701
0.968080
-0.378682
0.823834
-0.842282
1.240692
1.989895
1.690048
-0.674320
-2.574318
-0.417744
0.673357
-0.723854
1.968633
0.046268
-0.345013
0.945195
-0.958739
-0.784206
-0.813895
0.269809
1.725578
0.242401
2.680957
2.001374
-2.385338
-0.146124
-1.136518
0.072961
-0.156198
0.725094
1.264110
1.187048
2.062053
1.055294
-0.283692
2.040444
-1.332370
-0.521292
0.867036
-0.699807
1.526340
-0.117855
1.056605
0.002979
-0.802928
2.227433
0.472086
-0.310459
1.133765
-1.835269
1.033059
0.711192
-2.198471
1.600469
2.058928
0.896204
1.077245
0.706396
1.079925
2.598589
0.030762
-0.392798
0.167864
-3.452787
-1.231886
2.884753
0.792407
-0.707191
-0.016465
0.776416
2.354605
-2.963878
2.225038
3.079333
1.170673
3.293718
-1.165320
-0.531420
0.583983
1.131548
1.095170
-1.908617
0.810847
-1.888776
-0.349554
1.001711
0.644122
2.240022
-0.305254
0.556321
2.456726
-0.426931
2.115696
-0.263322
-0.971308
-0.163886
-1.621723
0.128361
1.615488
0.574915
-0.301479
0.688610
1.288100
-1.301552
-2.011854
2.696202
-1.857368
-0.602862
2.568655
-1.166015
0.959466
-0.282999
-1.440900
-1.269786
-2.278603
2.875921
-0.615484
1.810915
2.504360
-0.678177
1.041266
1.594728
3.276101
-0.508170
0.490096
1.141515
0.689272
1.015396
3.598775
-1.680571
0.102467
-2.677670
-0.449169
2.233639
2.262670
0.874097
2.054225
2.680978
1.282677
-1.764856
1.529695
0.730768
0.430328
3.258999
-1.311034
0.379555
0.755047
2.078613
3.161848
0.149909
-0.379364
-0.050710
0.786117
-0.314558
1.331351
-2.569779
0.700527
0.125697
0.645804
-0.602740
-0.219086
-0.651358
0.662586
0.011900
4.049241
-0.671047
0.163166
0.087453
0.731822
0.397776
2.830356
-0.105567
2.493845
2.154667
0.276688
-0.936864
-1.874053
0.821876
2.110844
1.209805
-0.533801
0.196070
-0.941226
0.493863
0.258203
-0.017175
-1.170362
1.087066
0.124142
1.937467
2.855876
2.490560
0.274242
1.345257
1.135166
0.981769
0.895842
-0.248761
2.349067
-1.123902
-1.774751
0.592591
2.633852
-0.642268
-0.911760
0.618500
-0.634659
-0.204454
1.789935
3.143107
2.267867
-1.546810
3.186567
2.638792
0.261146
2.411517
-0.431140
2.738738
2.838080
1.317648
-0.192181
-0.263609
-0.126629
-0.166372
-0.354698
2.533287
0.630177
1.028336
-1.211008
-3.404835
0.321199
1.408787
-0.547366
1.221283
0.636495
1.364665
0.714500
0.147231
2.557237
1.052787
1.857267
0.202598
-0.888076
2.783020
-0.127975
0.476144
1.852127
0.858615
0.878874
4.269933
2.414066
0.484324
2.074858
0.132606
-2.384953
1.728168
2.257445
1.884969
-0.062238
1.206986
1.203408
1.553540
1.486436
0.743872
1.505546
1.297811
-1.813981
1.256912
1.436462
-0.999484
2.241082
-1.963264
0.494687
-0.237498
0.024609
-0.739443
-1.394366
0.578873
1.161557
0.645503
2.010518
0.261747
2.149618
1.670483
0.889569
1.162078
1.080678
-0.862549
-0.982749
-0.680969
1.668521
2.094947
0.596381
-1.329238
4.580272
-0.057208
-0.014716
2.692292
-0.430040
1.013831
3.968665
0.267422
-0.195547
-1.508409
1.920329
2.160725
-1.774207
-1.502564
-2.704130
0.821026
-1.468150
-0.450933
-1.096366
-2.537874
0.542714
-0.472356
2.280483
-2.117579
1.610463
1.220788
-0.964086
-0.392731
3.233224
-0.138056
-0.772567
3.209633
1.371045
-1.633284
-1.127570
0.426864
0.747246
-0.119926
1.549819
2.790082
-0.428327
1.306289
1.268213
1.006993
-0.356863
0.341505
-0.051242
-0.012248
0.626087
0.568429
0.948611
4.105763
0.239105
-2.297819
2.281449
-1.957581
-2.147399
2.859739
0.561249
2.187788
2.613145
1.062879
-1.543864
0.680505
