1.890969
2.294298
1.438495
0.007509
1.454282
2.169837
1.802156
0.917747
0.501711
1.905813
1.925490
2.653688
-0.472247
1.527392
0.357691
-0.707369
-3.585148
2.580529
-0.459440
-1.732161
1.081980
-2.079281
-0.037522
-0.194186
0.358943
0.349783
0.031969
0.748740
1.645954
-0.016072
2.015517
1.964419
-1.283560
-1.418082
0.431910
0.477333
1.602196
0.556662
1.108487
0.922799
-0.468336
-0.069415
-0.200016
0.049977
-2.199351
0.117528
0.671986
1.593747
1.270497
1.339355
2.013485
1.066746
2.749723
2.105050
1.504808
2.393412
1.674990
2.445645
-1.921523
0.694480
0.731033
2.615883
1.438642
-0.003598
-0.917181
-1.203368
-1.506783
0.629038
0.389811
1.154279
0.938461
1.299728
-0.490401
0.998019
-0.130657
1.704832
-1.675075
1.417492
0.224278
-2.467420
1.483893
1.740807
3.053128
0.479561
1.338892
0.958478
1.702123
0.936742
1.291102
0.835505
-1.472164
-0.060867
3.404698
0.549754
2.192380
0.068999
-0.011447
2.125304
0.688643
2.258061
