3.461844
-0.667974
-1.614781
3.645952
2.486603
3.887192
3.398910
1.082983
-1.536061
-1.755520
3.516057
1.966516
-2.761239
-0.504329
0.584422
-1.330308
3.875447
0.714165
0.719724
3.416593
1.190473
3.050483
-1.129616
-0.656401
-1.301467
-2.600347
2.074605
-0.625975
-2.321890
1.865299
-0.722314
-1.952340
-2.639349
0.877592
1.666365
-1.136540
0.231611
3.550315
3.596974
3.977637
0.968003
1.231778
-0.654051
-1.356279
-2.004767
1.023772
1.448932
-1.828045
-0.353770
1.407127
-1.522154
0.491619
3.511843
3.254967
-1.634208
0.801034
2.121026
-2.316889
0.026335
-0.853965
3.374567
-0.453021
-2.116813
1.994457
-1.396404
0.575891
-1.781896
-0.847387
-2.876951
-2.258769
2.052081
0.141908
-0.992548
2.483023
-0.849425
-1.920548
0.188535
-0.636754
3.864852
-0.167998
-0.032157
-2.674295
-2.465751
3.212143
-0.919766
3.853116
-2.128165
3.500072
0.079399
-0.077845
2.534790
2.351511
-1.957793
-0.689539
-2.338140
1.892195
1.711820
1.085963
1.841404
-0.878678
