3.131162
-0.146146
-0.586862
-1.301228
1.720668
-1.517115
-0.043969
-2.526301
-1.306992
-1.986398
3.430553
-0.447095
-0.540548
1.417758
-0.379444
-2.733792
3.687580
3.250581
2.310316
0.669022
1.856435
-2.596157
-0.660791
0.122601
-1.983641
2.217441
-0.716178
-0.050703
2.485951
-1.102886
3.793867
-1.194244
-1.576963
1.902867
-1.272159
-2.275408
-0.440411
-0.482993
-0.140838
-0.422935
2.940335
0.441457
-2.475135
2.385299
0.823160
3.603268
0.087789
-1.155175
3.578636
0.222706
2.023553
-2.646929
0.829830
-0.867363
-1.557857
-0.866701
1.182714
-0.469528
0.221201
1.620442
1.612120
3.745200
-0.929754
3.333011
2.461702
0.414538
0.717832
-0.151084
2.209271
1.880543
1.774924
-1.416108
2.067414
0.479888
1.494307
-1.836585
0.705913
2.822522
2.260464
2.630421
0.724366
3.120615
-2.275914
3.027242
0.955825
-1.591686
1.876678
-1.513191
-2.322877
3.547989
-2.473290
0.594955
-2.458094
-0.505887
0.884149
0.236387
2.881701
-2.180068
2.500914
-2.552494
-2.623002
1.155716
2.109994
-2.115369
-0.030530
3.132652
0.987007
3.326164
-0.047031
0.091804
-2.684349
-1.712243
-0.705924
-1.718714
-0.472993
-1.795928
0.024912
-1.378057
2.772231
3.147612
-2.495947
3.131689
-0.108858
2.726289
0.100547
-1.006338
1.707026
2.797511
0.880869
3.830506
1.981649
2.408707
1.594779
2.828720
2.296172
1.363422
0.906104
-2.241764
-0.087026
-0.061826
-2.526208
1.418639
1.088850
-2.458529
-0.069253
1.021416
-1.079754
0.851018
2.505930
-2.653113
2.476619
1.621851
1.040105
-0.252038
1.645947
-2.912112
2.926810
2.061945
-2.165684
2.170374
2.673172
-1.275297
2.745708
-0.955536
-2.282452
-0.996933
-1.269207
2.160921
-0.452378
2.702013
-0.395149
1.093904
-2.862688
1.803786
-2.562813
-2.539672
0.572893
-0.446458
-2.448762
3.316735
-1.939434
-1.658708
-0.866811
0.801369
0.465498
3.992746
0.668315
0.356756
3.281480
2.874627
0.233685
3.773887
3.470084
1.860623
1.374270
-1.013833
-0.279815
1.800526
2.873442
-0.151101
0.602829
0.815042
-1.853854
0.737950
2.631649
2.882440
1.716883
1.609193
-2.314229
1.441709
2.055508
-1.114709
3.001040
3.229825
-2.165178
0.391415
3.411961
2.415478
2.301659
3.968291
2.832380
0.802207
3.895313
2.841322
-2.892489
-2.147506
3.524338
-2.941276
-1.480099
-2.472558
1.913719
0.932879
-2.061789
3.853009
1.520769
2.504488
1.517511
-1.625204
0.130226
-1.544822
1.821000
1.996157
3.885945
-2.176928
-1.019194
3.561450
3.411037
1.349721
2.891685
-0.433479
0.992379
0.648530
-2.847229
3.299228
1.937498
-1.924730
3.941323
2.061136
-1.069778
0.243306
-1.462644
-2.392224
1.711251
0.743226
2.400663
3.068652
-1.762305
1.131606
-2.972697
-0.547732
1.446899
-1.699422
1.347000
0.372565
3.551024
1.762800
-2.875842
3.951507
-1.799780
3.721843
3.184829
3.273308
-1.799751
3.508896
-1.770019
-0.607718
-0.587492
0.975484
-1.962935
1.023395
1.356539
-1.980529
-2.643901
-2.057517
-0.712635
-2.413623
0.425247
2.247054
2.089864
-1.263577
-0.640363
3.323605
2.580734
3.190831
-0.404243
3.244324
-2.358649
3.835593
1.875440
-1.514546
-1.650153
0.066039
1.516592
-2.039167
-2.878008
3.215617
0.168107
-2.320972
2.513337
-0.106584
-1.342765
1.119448
3.958129
3.120348
0.487556
-1.184403
2.342210
-0.038943
1.700414
-1.710167
2.895912
0.693726
0.882695
-2.281790
0.212970
3.597026
3.026310
1.379785
-0.582852
3.177198
1.343166
0.285434
3.038724
-1.251242
1.857025
3.693227
-2.221470
3.278520
-2.124699
1.009892
2.015328
-1.396906
1.532373
2.380155
1.751995
3.008302
3.065243
-1.570651
0.918408
0.029528
0.770870
0.342890
-1.945078
2.805892
3.088575
3.071669
-1.891860
3.537222
3.082400
1.515025
2.403826
1.107736
3.614523
-2.791406
2.259734
0.081094
2.075432
-1.939780
-2.821616
-2.709120
3.746363
0.311138
-2.918773
1.265842
1.191649
1.912994
0.293992
-0.753429
2.560754
-0.610716
2.984723
3.443637
-1.466089
3.119855
3.701479
2.621958
-0.760385
-0.790938
-1.964365
2.813665
-0.902475
0.656236
1.672817
1.718535
3.434471
-1.239224
3.840766
2.614172
-0.506394
2.262026
-0.179404
-2.706098
-0.991336
-0.234859
-1.552149
-2.458776
1.365212
-2.308479
2.831854
-2.627074
-0.960947
2.360399
-1.810410
1.028413
1.946053
-0.601811
0.909894
-1.022069
0.540996
-2.272420
3.463284
3.095432
-1.294274
1.358702
1.491847
-1.793236
-2.162798
-1.704252
2.378599
3.521916
-2.362359
-1.941007
1.595608
-1.856364
1.610601
-1.791419
2.623335
-1.168388
-2.072469
1.098364
-2.141261
-2.878110
-2.879758
-0.775605
0.623269
-0.459315
1.897197
2.831120
-0.594107
-2.574182
0.838611
0.281495
-2.631881
2.745344
2.599588
-2.200942
3.115085
3.826369
-2.994893
2.406523
-2.629324
1.637291
1.401988
-2.780605
-0.072032
-1.046946
0.776485
0.994750
3.994117
3.656630
0.135925
-1.236249
1.730732
-2.650268
0.689390
-0.269177
-0.776002
1.278975
-0.158254
2.398557
-0.909447
3.079701
2.587235
3.848536
2.102084
2.367277
-2.285092
-0.661059
3.549551
3.945096
-2.684732
1.511090
1.942743
0.848313
0.411626
-0.235043
-0.809204
3.868298
0.151835
2.868417
-2.050405
-0.609746
-0.805061
2.453094
1.571371
-1.936020
3.827480
-2.657939
0.887194
0.332768
3.828127
-0.999496
0.453699
1.308292
0.292092
2.063529
3.702479
-2.269122
3.029980
-0.675719
3.162382
-1.036722
-2.517541
-1.769852
-1.786708
-2.889256
0.982632
-0.807693
0.554691
-2.102553
0.115488
-0.981765
-1.193368
-0.336874
-0.669590
-2.809031
1.271422
0.745164
-0.708199
1.054036
1.793847
-0.320015
2.409238
3.152720
2.689871
2.472293
1.184525
1.809100
1.774641
2.135081
3.777520
2.781158
3.838490
-1.528839
2.736006
3.830866
3.365403
2.476239
-1.498493
-0.668305
0.625270
0.611658
0.745818
1.553735
1.764034
-0.696439
2.544996
-0.137048
-1.428706
-2.215574
0.929309
2.524860
3.623705
2.610985
-2.515754
-1.850889
3.278055
1.171586
-2.173372
0.079657
1.255369
-0.744002
3.725092
1.726262
3.392737
-0.924861
-2.018096
1.140611
-1.089262
0.854549
-1.210717
1.445845
-1.680586
3.626319
-2.921767
2.191040
2.951188
-1.098914
0.979332
3.118132
0.273626
-0.319645
3.383705
3.410462
3.145281
3.512837
2.744461
-0.195391
0.873752
0.320104
-2.030001
1.020772
3.166061
0.151634
-0.713639
-2.701370
-1.518814
-0.943420
0.637474
1.961595
1.312152
0.719718
-1.921113
2.026264
2.769662
3.852271
3.064263
1.991806
-2.048372
1.382814
-0.367225
-0.875404
1.884025
3.316141
2.025549
-2.221438
1.553262
2.571568
2.285853
-1.072638
3.827522
1.321286
3.704955
2.946973
-0.149978
0.607266
0.800426
1.181852
-1.951655
-2.611080
0.190454
-0.590629
1.933174
2.661993
-1.603134
-1.046357
-1.706665
1.789226
2.864605
3.008587
-2.634807
-2.226268
0.107719
2.107055
1.520811
1.434485
-2.160415
2.655611
-1.451918
-2.683698
-1.515282
3.623509
-2.459370
-0.665271
3.295900
-0.709368
-1.401401
-1.100832
-2.681288
3.307662
-1.352168
2.106611
0.911753
3.283740
0.613219
3.353560
-2.490221
2.717296
3.049001
1.551525
2.901559
0.130852
-2.151787
1.507299
2.362750
3.132105
0.167055
-0.022741
2.794630
3.734038
2.276059
2.561558
-2.817463
1.769532
2.034929
0.311490
-0.143807
-1.094949
3.813518
-0.911225
-1.023694
3.989462
-2.125365
-0.214047
-0.647946
0.104011
1.256673
-1.182783
3.568149
-0.518283
-2.732053
-1.200951
-0.632343
3.385794
-1.971920
-2.027859
1.884321
-0.614652
-0.302374
1.078264
-2.579876
-1.790724
-1.415361
-0.619545
2.568754
-1.551193
1.883696
3.827070
3.698977
2.219541
2.681514
2.805444
-2.808682
1.092251
-2.979264
1.481294
-2.498211
-0.066036
2.167821
2.373902
1.217079
-2.581700
2.513889
2.166128
3.521047
3.995293
1.340201
-0.297548
1.051646
1.111996
-1.455891
0.055598
-1.194531
0.296287
-0.790196
0.437247
-2.840290
3.314756
-0.897706
1.888779
2.820333
3.105639
-1.780189
2.939373
-2.388478
-1.014886
-2.711102
1.104856
-0.167391
-0.171503
-1.737975
-1.147334
-2.176167
-1.288804
-2.346014
-1.166776
3.373456
2.259175
-2.769519
0.300587
0.731151
3.214683
0.580608
-2.301063
1.680409
0.462229
3.354267
3.304120
0.777529
1.170570
1.168015
-2.286461
-1.150201
3.185714
-1.500373
3.093641
-1.238542
2.174052
0.746252
1.232029
-1.557032
3.978333
-1.037653
-2.386562
1.636353
-0.422953
-2.186100
0.970320
1.963424
1.512609
2.112155
3.055538
3.843852
2.939979
-2.084243
-1.216587
3.225918
3.295292
-2.940916
0.458355
0.421407
-2.022726
3.796237
2.129980
1.769733
3.388004
2.595258
2.325504
-1.656629
-1.279946
1.631263
0.872708
-0.568567
1.188175
3.095063
-2.429000
0.003712
-1.461425
-1.399398
0.988060
1.489079
1.000284
-1.599359
2.367858
0.613397
2.936387
2.334419
2.963092
-2.620290
0.032865
-1.549117
-2.597729
-2.211611
2.648747
1.965230
-1.040995
2.362352
1.779367
-2.677783
-1.623369
0.366596
0.040114
3.460842
-0.395373
3.281129
3.028507
-1.167800
-2.024752
-0.808542
0.243870
-0.962074
0.992283
-0.977902
-2.600794
0.452985
2.643408
2.193496
-0.234672
-2.144499
-0.954710
-2.960510
0.118759
3.566038
2.762502
2.431940
0.989138
0.451065
-2.884683
-1.065322
-2.900028
-0.616630
-1.577702
1.312706
3.939093
1.844396
1.086272
2.721342
0.557111
-0.311931
0.618387
0.989981
3.458774
0.201959
-1.872741
-2.598954
2.711794
0.612899
3.004178
-0.185750
3.607604
0.840695
1.508912
3.568217
-0.243905
3.795666
-1.047421
0.298003
3.586981
3.856533
2.717712
0.385920
0.355888
-2.117007
-2.762098
-1.373809
-0.687963
-2.713264
3.613593
0.412283
-2.533659
3.581927
1.134212
-2.780508
-2.641986
-2.911195
0.539792
1.153128
3.099131
1.610150
3.451267
-2.997969
-2.405825
0.112186
3.136823
2.886048
2.717670
3.456291
3.565309
-0.485268
3.324382
3.361900
2.173803
0.173060
-0.199955
0.749195
-0.315914
0.080644
0.927297
1.391587
0.432728
-1.298440
-1.348486
1.621507
-0.073745
2.757792
0.880358
-0.888444
0.931394
1.311772
0.475335
1.261000
-0.872730
0.964936
3.881728
3.248986
3.012206
-2.799493
-0.862899
2.503789
3.126803
0.084043
1.208789
-0.327453
-1.591170
0.175967
-1.936628
1.798811
-0.281441
-1.334269
-1.333033
2.999779
2.503914
-2.866792
3.289395
2.817639
1.798257
0.291878
1.018901
1.184845
-1.914103
-0.320920
2.593860
-1.375652
0.292461
2.490866
0.772378
2.685258
3.305613
-1.626776
-0.065671
-1.173392
-1.405465
0.361512
3.940400
2.696977
-2.221584
2.235552
-0.823173
2.865897
2.191767
2.893504
2.186837
1.174897
1.542563
2.925701
-1.607150
-2.772126
-1.456441
3.628839
-0.896331
-0.879325
2.750957
3.495848
-0.848267
-2.651787
3.198953
2.804262
-2.575697
-1.047214
-2.716390
0.743705
2.429178
1.370603
3.920708
1.435961
1.345307
1.031984
0.989441
-1.326691
1.805575
3.836228
2.556943
0.184435
-0.736617
-1.010391
-0.985307
-2.611117
-0.972155
1.959461
-1.995034
1.861843
1.293094
2.039250
0.718029
1.291955
2.701241
-2.999777
-2.575095
1.650106
-2.881514
3.014899
-2.430539
-1.746189
0.578189
-0.054331
-2.125764
0.024091
-0.826097
3.328452
1.474802
-1.457010
-0.775503
3.952127
0.396210
2.901972
-0.787647
0.652640
-0.504244
3.364373
2.260428
1.544180
3.989409
3.928679
-0.393474
-0.055477
-0.073552
-0.603609
1.449052
2.312525
-0.788522
1.643261
2.621294
-0.894185
-0.184267
-1.001441
3.277378
1.016659
1.301257
0.866021
2.997355
0.412809
2.309230
1.004086
1.501383
0.283454
2.004285
-0.354929
3.894308
-1.113217
1.443269
3.056014
-0.306241
3.493917
2.601131
-1.678927
-1.072934
2.900591
0.231418
-2.561019
-1.910918
2.032227
1.746115
-2.187760
0.778183
-0.524205
-1.842423
3.200898
0.290147
0.423189
1.670193
2.226635
0.909099
0.776189
0.182437
-0.395876
1.406828
-0.764434
2.679348
3.315297
3.937387
3.266490
1.048100
3.338136
0.820524
-2.779510
2.417661
-0.982963
-1.373399
0.996886
-2.465732
0.516296
-1.786164
2.570592
1.042723
3.867546
0.410890
-2.066365
1.388821
1.409262
0.548284
2.111033
-2.834463
2.077254
2.554622
0.653149
-1.975929
-2.550393
3.844119
-0.866088
2.228582
-1.523614
-2.797603
1.534448
0.012139
2.149381
-1.275328
2.772587
1.075540
-1.516325
3.558998
2.946232
1.151049
0.683231
1.674468
1.601842
3.127624
2.438448
1.939503
-2.460255
-0.111174
-1.221428
3.679126
-1.696451
1.139326
3.485260
-0.794082
1.472544
-2.495937
3.770839
-2.873862
-1.923335
-0.214738
1.674240
-0.029004
2.486510
2.624185
1.890784
-1.134125
-2.218651
-1.950629
2.866359
1.492097
2.188992
-0.540584
2.098138
3.988315
-2.496934
2.378085
3.952214
-0.672696
0.563824
-2.245366
3.524460
-2.949392
1.795018
0.097740
-0.232516
-2.098941
-1.401512
-2.594069
-0.376632
3.611069
2.470090
2.402509
1.978549
-0.037179
1.724572
-1.606565
0.055108
-1.897694
3.009871
-0.142471
-2.171161
0.974390
1.905043
3.250378
-0.471889
3.596632
0.589514
-2.552450
2.998214
-0.845840
3.035088
-2.836854
1.863057
-2.288565
-0.067379
-2.037310
0.574882
-2.899559
2.942451
3.515555
0.574633
-0.014699
-1.759228
-2.707494
1.114095
-1.435193
-0.960605
1.999971
2.786161
3.791018
0.463101
0.653504
-2.395094
-1.886704
-2.923959
1.952890
2.489972
-0.040821
-0.354015
1.871516
1.635596
1.454782
-1.367764
1.087733
-1.221748
2.127002
-1.760795
-0.088587
-2.929847
-0.884356
1.524275
-1.296458
-1.577855
3.521082
0.444434
-1.964333
-2.354675
0.934784
1.995574
-2.996606
0.776873
1.513448
2.540020
-2.534773
0.442584
-1.348259
1.119833
0.994066
-0.939491
-1.098379
2.267426
3.916240
-2.467660
2.541492
0.000330
3.947330
1.537338
-2.118522
2.816531
-0.045366
-2.160092
1.015484
-1.026481
-0.072284
-2.994007
-0.429598
1.755908
-1.949086
1.724540
-1.718162
2.305286
3.878237
1.337176
2.735258
1.340692
1.805159
0.028685
1.614159
-1.108024
0.128689
1.462181
0.921147
0.739744
3.984977
1.008615
-0.014821
1.438788
2.470220
-2.820025
1.166078
-2.629209
1.020931
0.660355
1.455878
-0.387616
2.267881
-2.063068
1.851492
2.525767
-0.667072
3.342800
-1.908921
-0.112096
0.587411
-2.158583
-0.268461
0.055810
-2.185623
2.453715
-2.861136
-0.469835
3.887138
1.871105
3.005658
3.231775
0.124319
2.268547
0.167709
-2.122979
0.433201
-2.142954
2.893982
-1.694689
3.108760
2.661295
1.089283
-0.617193
-0.420889
1.789151
0.722708
3.507162
-0.972830
-0.086356
1.550122
-1.306546
2.370801
2.095065
-2.370363
-1.956257
-0.275860
-0.409975
-2.145372
-1.834996
2.410148
-2.249569
-0.828118
-2.850948
1.682917
3.735212
3.554775
-2.132853
-2.235564
1.843003
-2.672300
-0.578784
-0.025693
3.110167
2.350715
2.229116
2.497967
-2.544345
1.336564
3.488690
0.584628
-0.759359
1.529830
0.566454
-0.928171
-0.131514
2.312086
-1.959867
-2.372438
-1.438909
-2.602204
-1.992467
0.804966
-1.287745
0.139007
-1.238905
-1.443252
3.912039
2.268241
-0.065579
-0.397993
-2.395352
2.071824
-0.484201
-0.238232
2.437911
2.837284
-1.780603
1.819137
-2.157791
-2.652178
2.286295
-0.107512
-0.772014
0.236382
2.644224
0.033412
-0.383657
2.306188
-0.741202
2.884037
3.056451
-0.763370
-2.952975
-1.355920
0.637016
1.002253
-2.810643
2.212481
3.498025
2.544480
1.543289
0.879455
2.340270
3.458561
2.786075
3.348334
2.841540
0.760711
-2.092620
-0.239166
-1.892789
0.770459
0.733750
1.450633
-1.128226
2.475852
-0.435540
-1.183289
2.479389
-2.905767
0.559874
2.527649
-1.749737
3.944038
0.333125
1.620228
0.044652
0.050920
0.167465
1.008600
3.199296
2.384475
1.333542
-1.748525
0.678231
0.081227
0.283554
-1.593412
2.043852
-1.195407
0.427396
0.523104
3.494880
0.278499
-1.554143
3.806481
0.036319
-2.409217
-2.958797
3.176776
-1.773528
-2.106236
2.143747
-0.476377
-1.223453
-1.476298
1.417696
2.595911
-2.811943
1.452899
1.607398
-1.471282
0.832844
3.785839
3.230396
-0.123316
-1.731308
3.432351
-2.235933
1.680709
-0.713823
2.455121
2.319705
3.747944
-1.524568
-2.225467
-2.312398
-2.456639
-2.091780
-2.484751
-2.258622
1.266183
1.289515
3.988424
0.303688
-0.136423
3.282065
-1.924657
-2.658218
-0.328062
-2.031240
-0.504704
2.527825
-0.463123
0.658395
0.132907
0.666652
1.856958
3.110649
-0.556110
-2.307499
1.379425
-0.312650
-0.925746
-0.134789
-2.228855
2.071184
-2.217497
2.952513
3.848900
-2.032014
-1.019774
0.014467
2.144044
3.892150
1.445023
3.390764
3.597709
2.625206
2.641440
0.852494
1.575790
-2.535299
1.322210
-1.550963
-2.156153
-2.636247
-1.558394
-2.248017
0.585127
-2.334359
-0.055007
1.039602
2.691452
1.728669
3.517370
2.232797
-2.414331
2.295463
2.700459
0.036930
-1.231357
-0.840255
1.635392
1.682259
2.604954
2.870899
3.249937
0.634884
3.507971
-2.274650
1.471159
1.745005
0.465030
-2.052016
0.499651
2.516613
0.768646
-2.807298
-2.703713
3.221976
0.431859
-0.103047
-2.309446
0.803148
0.156155
0.889669
1.445741
-0.495016
-1.538224
3.756110
3.610808
-1.742922
-1.328637
-1.839321
1.066314
0.579106
3.244662
-0.804505
-1.556450
1.455718
-2.692528
2.649860
1.096814
3.593102
-1.295885
-1.461890
2.852882
0.629109
-2.742137
-2.604057
0.783531
1.577694
2.404855
3.691751
1.994934
-1.578101
-1.189183
-2.855959
3.502627
0.041043
-2.781923
2.135790
0.953268
-0.837687
2.902041
-2.948111
2.866392
-1.756375
-2.984614
3.600738
-0.251168
-1.425060
2.397754
3.204662
-2.091970
-0.284709
3.407600
-2.767315
-1.189963
2.390560
2.925151
-0.396654
-1.312938
1.533047
2.772131
-0.398564
3.259113
-0.992500
2.740599
-0.755551
-1.742083
-2.661812
-1.983779
-2.950766
3.929875
-1.660530
2.750009
-0.409847
3.457778
-1.806270
1.346626
-0.156973
-1.530125
3.141191
-2.115465
3.280519
3.368853
-0.449867
3.357503
3.804587
0.033685
1.741707
0.259803
-1.439961
-2.083553
1.302825
3.860723
3.258125
-2.410257
2.574742
1.614872
-0.072307
2.309212
0.156836
-0.269430
1.170286
-2.029818
1.650204
-1.404329
-2.317508
1.224754
-1.735047
3.082458
0.945812
2.909546
-2.985274
0.693225
1.092687
-0.504174
2.693067
-2.993374
-1.568891
3.001628
0.355770
-0.313606
2.608988
-1.248135
3.623261
1.406462
-0.278917
2.263642
-2.361187
2.224594
-1.547753
1.692400
-1.153057
1.121718
3.030804
0.158221
2.540109
-2.965186
0.251425
3.512389
-2.630615
-1.245357
0.383447
3.218139
3.605059
-1.286494
0.569863
-2.358242
0.117324
-1.722511
1.830904
3.628414
2.398937
0.252164
-0.679069
3.700800
3.012342
2.428959
1.441017
-2.103899
-1.925754
-2.848977
-2.477642
1.387060
0.182433
3.163699
0.790409
3.298136
3.480086
-1.243744
1.085535
1.595075
2.370880
2.941464
-0.396564
3.729948
-2.627917
2.387165
3.077450
3.703109
3.745613
-1.952360
1.238076
-0.119246
-1.552232
-1.929293
0.377230
-0.421682
-1.846329
0.884763
1.807662
1.974956
-0.785981
-2.715513
-1.484982
-0.471546
-0.855669
2.386243
0.913717
3.468695
3.200124
-1.614375
3.096076
2.847626
1.235096
2.099177
1.867619
3.141696
-0.337769
0.767374
3.330624
1.283864
-0.476667
1.735159
-0.645615
-1.509762
-2.874301
1.345298
3.485123
2.786914
0.613228
-0.327519
0.897623
-1.653015
-2.557453
-2.569309
-2.573981
-0.828557
-2.174801
-1.317196
2.937269
2.619540
-1.279019
0.821567
3.827438
-0.156625
-0.556862
2.454996
-0.888836
-2.489123
-0.158971
2.386390
-0.409574
2.053049
0.665350
3.759829
-0.310919
3.867995
2.705860
2.309024
-2.602511
1.449843
-2.369456
-0.718042
-2.052035
2.731769
3.007422
1.078867
-2.344144
2.644800
-0.487276
-0.401949
1.681678
0.116258
3.560986
-1.442833
-2.641106
-1.049516
0.474008
3.839361
2.259416
2.736892
2.410476
-0.280762
-2.414098
2.546906
-2.150908
1.304267
-1.349761
1.675606
-2.734394
-2.092618
2.642554
0.003911
-2.127713
-0.269150
-0.406401
1.953369
0.545444
0.151171
2.036265
3.436672
-2.487019
-1.388826
-0.672405
-1.852642
0.766732
1.924954
0.599689
2.963508
0.865659
1.987034
3.086166
3.231644
-2.219522
-2.713381
1.698052
0.885328
-1.752866
3.822871
-2.849484
0.889311
2.181826
0.973089
0.136523
-0.324212
-1.791128
0.948255
3.607320
3.734312
3.825709
2.315941
1.905194
-0.418343
0.504587
3.202786
0.299603
-2.546847
1.391937
-2.217906
-0.577576
-1.206369
1.377370
-2.368102
-0.366893
-2.391836
-2.903158
1.023072
-0.846741
1.296679
2.397473
-2.508718
-0.076650
-2.313186
-1.689661
-1.580880
1.753605
2.029463
0.977200
-0.339810
0.621582
0.562554
3.120832
0.918147
-0.227289
2.807111
3.225198
1.851546
0.225919
-1.763396
1.792519
-1.866114
0.542346
-2.181178
2.829523
2.944348
3.938436
0.311150
0.934767
-1.701114
3.901703
-1.399389
-2.713058
-1.327064
3.724021
0.696574
3.918635
0.587656
-2.581239
-0.369306
1.381445
-2.132855
1.501215
1.594597
-1.777599
0.533325
3.059857
-1.752091
-2.720618
2.024514
-0.467240
-2.133464
1.388828
1.032638
0.014090
1.637998
-0.449379
3.627401
-2.453953
-0.148412
3.008478
-2.862329
3.742766
-2.273186
-0.270795
3.009020
-1.735853
0.841348
2.351730
-2.078964
-2.838297
-1.484391
2.859293
-0.078643
3.558593
-0.297948
3.434755
-0.526345
-1.009953
-2.178765
2.241532
-1.050835
0.867190
3.510258
-1.813540
0.367734
-2.522797
-2.434429
2.895170
0.525343
2.568521
-1.251521
-0.924582
1.649401
-0.511752
1.830764
0.549749
-2.394909
-0.868076
-0.320933
-1.288976
-0.521290
-1.226502
3.894988
0.124059
-1.905245
2.670813
2.761913
2.242852
-1.462730
1.904993
-1.816954
-0.937400
2.168988
-1.956739
-0.116593
-0.564618
3.213828
-0.337209
2.187714
-1.190055
-0.193409
1.557563
2.745831
-1.049917
3.972718
1.379153
0.962444
2.169870
1.953768
-1.770476
-2.384337
0.722090
3.063432
2.935644
3.922339
-2.008498
1.746089
0.072575
-0.576720
1.113217
-0.254640
0.473788
1.346040
2.501929
-0.883266
-1.557160
-1.862348
1.967080
0.755398
2.772173
2.793513
0.330137
1.790804
-2.853770
-2.582606
-2.463346
3.710881
3.836630
-0.363541
1.346807
2.050052
1.266779
2.525679
-1.778083
2.033370
-1.913165
-2.032894
1.953686
-2.154083
-1.512195
2.863274
1.622774
3.389009
-0.909284
2.765863
-1.525120
3.542362
-2.253671
3.546828
3.259931
2.841171
-1.007564
3.554471
2.453783
-2.105618
2.593352
-0.663397
3.637640
3.697589
-2.596655
1.207384
0.436624
-1.033772
-1.430595
3.084621
0.764005
-2.671605
-1.660398
2.871260
0.364675
2.676529
-0.453001
-0.776008
-0.596811
-0.520594
-0.762035
-2.624918
-0.074953
-0.486636
1.010075
2.636244
3.577393
0.013408
0.529091
0.457114
2.958325
-2.376730
3.496442
3.572760
-0.412158
-0.568371
0.515353
1.500769
1.171759
-0.307867
1.803744
-1.689252
-1.718678
-1.762764
1.222569
1.930051
1.464779
-0.871427
1.096184
-0.615890
-1.675617
-2.732928
2.910247
3.782228
3.385125
3.162225
0.726148
0.290886
-0.576023
-0.461072
-0.176746
-2.638113
-0.283026
-2.794641
-2.934777
2.619086
-1.261404
-0.568059
1.424418
-2.196428
-2.347031
-2.096260
0.218394
-2.306823
-1.924250
3.719566
0.517910
3.764392
1.096303
3.093399
0.175112
1.741153
3.233310
-0.427209
0.698634
-1.442066
3.500845
-1.249743
-0.580863
0.732765
-1.095595
3.433548
3.488096
-1.219488
1.575699
-0.052831
-0.138841
-0.094804
-0.368201
0.431405
0.337944
0.402144
0.834359
-1.424134
-0.601030
-1.254654
2.236735
0.183968
1.878493
0.646029
-0.415934
3.645242
1.194741
-0.706988
-0.192540
2.113489
2.560454
-0.708901
2.547935
-2.964016
-0.013608
3.647118
2.430151
-1.628297
1.033897
1.019579
0.074518
1.557931
-0.275962
1.153843
3.429439
-2.940524
0.447565
-0.932617
-0.357821
-1.294002
1.984504
1.150726
-2.296246
0.554437
3.251059
-2.025600
-1.575766
1.025589
-0.935449
2.062654
-0.351102
0.026190
1.226759
2.555932
-0.382135
2.545929
3.755055
0.142150
-2.424424
3.133261
-2.784578
-2.940488
-0.291414
-1.945358
-1.394496
3.167216
-0.518373
3.205471
-1.078565
2.618655
-0.646457
-0.224751
3.944425
0.117555
-2.673130
-2.529575
2.711935
-1.324094
-2.539661
3.974161
1.295560
0.428557
3.224791
-0.211704
2.790343
3.730266
3.001685
-2.929739
-0.802169
3.780853
-1.103823
1.888892
0.404121
-1.710157
-0.297240
0.013116
-1.628701
2.705633
0.447010
2.553334
-1.392766
-0.419244
-0.446731
-0.549277
-1.697653
0.889552
2.510099
-1.828187
-0.632934
-2.744390
2.922947
2.054201
-0.898729
0.588630
0.548951
3.827318
1.306829
1.875129
2.078215
-1.304189
0.656123
-0.269261
2.702599
3.001087
3.666490
2.039610
-1.771443
2.929972
0.155466
1.476820
3.711055
-1.090010
-2.274583
3.913581
0.532003
0.293703
1.261628
-0.624974
3.038503
-1.731215
-1.564689
-2.100434
0.942551
-1.433356
2.361296
-0.887724
1.492284
3.747108
2.642954
-1.448627
-2.685765
0.114099
-0.531460
3.541582
1.997505
0.067545
3.776195
3.807731
-0.981396
-0.160367
-1.726773
0.780137
-0.728354
1.525983
3.710109
-1.912862
3.824137
-1.468574
-2.497053
-0.230064
-1.521641
-2.244492
2.721070
-2.870699
-2.041634
0.237337
-0.294396
-1.455482
2.109651
3.195004
3.394598
-1.089939
2.133202
2.186279
-2.028106
1.811344
-1.161125
-0.576785
1.502404
1.521998
0.336813
-2.618247
1.023727
2.260327
0.342943
-1.975062
3.525566
-1.162705
-2.955886
3.807867
2.921587
3.195560
-1.202306
-1.635326
-0.289625
1.257613
1.119386
-1.486661
1.466246
1.819303
-2.610418
3.140032
0.234658
-2.736939
3.003971
-0.161823
0.193482
2.594559
-0.476022
3.420440
-0.620077
-0.574492
-0.061929
3.587726
-0.778650
-1.893108
0.788198
0.237129
1.644310
3.184926
0.739192
3.745261
-1.292264
0.698351
1.671826
0.113555
-0.392568
1.528749
-2.792190
1.082175
-1.600964
-2.408151
-1.103198
-0.106357
0.685649
2.364476
0.689357
3.596423
0.462497
-1.982359
-0.515477
-2.441567
-0.145058
-1.870495
0.916686
0.709910
3.142171
1.526668
2.582707
3.929787
-0.879881
3.674390
-0.530387
-2.522838
1.662102
-2.260811
1.272979
0.845564
0.308997
0.777920
1.280254
0.488385
3.235145
-2.732245
0.761701
1.084189
-2.636439
3.361539
-0.843749
3.660639
-1.644546
3.367933
-1.569836
0.616394
3.312802
-0.114574
1.949584
3.663831
1.790719
0.032737
-1.754712
3.669085
-1.145293
2.015061
3.554463
3.735272
-0.184061
-2.103847
2.502319
0.575370
-0.043843
-0.882529
2.764966
-0.037912
-1.996656
-0.651166
-1.088063
-2.517613
0.252159
2.543140
0.857683
-2.612965
2.313704
-2.923000
-2.435214
0.705091
-0.924972
-2.804446
2.179245
0.615965
0.722724
3.445638
3.434897
2.862624
0.675600
-2.737535
3.830967
0.241962
3.464694
-1.881801
-2.672052
3.585248
-1.685390
-0.283872
-0.353879
0.031159
-2.194728
1.207204
-2.029253
0.203848
-0.966332
-1.176999
-0.857755
0.411993
2.342529
-1.934302
3.109709
2.909674
1.282362
-2.413214
-0.427933
0.115978
-0.117248
1.978578
-1.526481
2.389185
-0.151758
-0.251445
2.688343
2.565079
2.114086
-2.836719
-2.815900
-2.875548
2.668765
0.384903
-0.086878
3.987028
-1.729159
-0.473993
-0.166586
2.980965
3.660227
1.094031
-1.095894
-1.642346
-1.813079
1.953382
-1.038247
0.757585
-1.751421
1.925764
2.306790
2.582673
-2.877100
1.925872
0.315940
-2.429352
0.010998
-2.112444
1.398006
3.162645
2.132519
-1.927939
-1.582802
3.734987
0.719166
2.672540
-0.398430
-2.520241
0.100504
-2.810332
-0.416137
-0.619712
0.070515
0.311902
1.530797
1.848543
2.988191
2.141412
-1.257323
0.195655
3.559296
2.862291
-0.928162
2.099298
-1.356826
-1.176916
1.226910
-1.560004
-1.048170
1.185893
-0.701996
-2.604358
3.606241
-0.601186
1.884036
-1.996886
-1.830788
2.383787
1.000571
2.017300
0.265543
-1.421030
-2.442900
-2.499178
-0.682862
2.400861
2.999765
0.343705
3.091920
2.863135
0.532224
2.276111
3.539707
-2.251352
0.962134
0.053600
-0.834152
3.085641
1.378438
1.891772
1.859555
1.980429
-2.938301
3.138906
-0.545502
0.594359
0.710015
2.286775
2.220699
1.369046
1.458433
3.202296
-0.674525
3.034542
1.202785
2.211677
1.183151
3.797974
-2.853100
-0.577538
0.255625
2.549915
1.963490
-2.019847
0.972435
0.949975
1.983206
1.667792
-1.930736
-0.420362
-2.086522
-0.392775
3.623887
-1.710216
2.712976
1.410883
-1.347337
-0.577122
3.875218
-0.832681
-2.041399
3.668464
-0.210225
3.304762
-2.696250
0.986749
1.738658
3.167169
-0.779543
-0.873811
2.357463
0.849895
0.860354
0.037785
3.235792
-2.528681
0.144049
-1.171129
-0.218394
-1.365132
0.269995
1.002379
-2.517846
0.451717
-0.284621
0.093251
3.806839
2.106108
3.550922
3.291298
1.504162
0.203443
1.352256
2.344569
2.164696
-0.207302
1.206007
0.522691
0.820304
2.055214
3.743935
-2.446383
2.593295
-2.159656
-0.144288
0.979443
-1.454894
3.261546
-2.945400
2.124169
1.474438
-2.332729
3.491565
-1.118281
1.978527
0.635519
1.757463
1.563543
-1.577975
0.545772
-2.674850
-0.770900
1.451694
1.835763
3.185359
-1.609147
1.668684
1.787044
-1.676647
3.416155
1.493936
1.791618
-0.406064
-1.198780
3.577628
-2.115052
-1.124915
0.825108
1.694144
-1.740212
-1.256766
-1.125698
-1.331615
3.646484
-2.417185
2.325259
3.874204
2.361266
-2.770347
-1.530784
-2.719443
0.390108
0.508788
0.574015
0.267437
-2.184713
-1.030553
0.626713
-2.196516
-1.791648
3.831716
-0.227734
-1.690880
-0.878107
-1.227747
-1.536306
1.541841
-1.551778
0.746682
2.547169
3.623877
-0.152661
-1.273407
-0.695374
1.107740
0.842677
3.970139
1.665808
2.274043
-1.530411
-2.886299
0.068954
-1.845826
3.985039
3.713573
2.000140
1.729215
-0.966172
-2.451821
0.231167
-2.226311
3.280426
2.914168
3.860879
-1.706216
1.386583
2.476058
-0.877254
0.592896
-1.739735
-2.328654
0.059768
-0.646658
-0.013248
3.011803
2.433970
-1.452826
-0.376332
2.250540
-2.593796
3.722237
-0.373797
1.238233
-1.618626
2.353456
-0.905337
2.290861
-0.420555
2.621532
-2.678153
-1.004394
-1.273683
-0.937608
-2.708789
3.250746
0.527604
-0.491550
0.769925
3.911686
3.742647
0.146255
3.785688
3.859429
-2.243053
3.804606
0.007312
-2.959523
1.545652
3.306975
1.837438
0.592888
1.823688
3.023377
-1.705515
2.510609
1.125319
-1.657231
2.646551
0.421899
-2.369235
0.798405
-0.142033
-1.636769
1.072888
3.862800
1.291210
1.975763
0.619161
-2.095578
-0.631721
-0.622655
-2.012534
-1.964539
-2.699224
3.345561
1.319953
-0.296964
-1.889333
3.834856
0.378337
3.953399
2.200220
0.920535
1.885982
3.928500
3.668536
0.420916
2.087861
-1.918371
-1.863320
2.215220
-1.412324
-1.619261
-0.383749
1.716122
0.669935
-0.705894
3.333212
0.837093
3.945204
0.070606
1.329907
1.307585
3.248290
0.135426
1.695083
1.416221
1.056455
1.322567
-1.991494
-2.934381
-2.174686
0.895715
-1.895996
0.860533
-1.865482
3.850402
1.999030
0.036834
-1.304717
-1.751644
3.166519
-0.037990
-1.711103
-1.472653
-0.889627
-1.924654
1.314406
-0.260468
0.579236
-0.567189
-2.964335
3.233401
-1.881615
1.807002
3.539388
2.322622
3.208888
-2.457743
-2.230447
-0.229837
2.643892
-2.973764
2.195784
-2.019084
2.692173
0.528720
3.897685
2.682521
1.529672
-2.507343
2.092558
-1.565053
1.285830
3.354355
3.461442
-2.868603
2.184592
1.604281
3.791305
0.213118
2.498515
1.872231
2.130023
1.830879
-0.052907
-1.298339
1.494468
-1.410146
-0.102377
-2.941102
2.253932
3.459724
0.387651
-1.828310
3.707193
0.674789
0.811103
2.718401
3.246790
2.585892
0.813170
1.484128
-1.652623
3.151309
-1.008594
-1.057137
-1.761543
-1.167453
1.646379
3.576394
3.615059
1.880718
0.902128
-2.573313
-1.821008
3.695866
1.233299
-0.942516
-1.318341
-2.642633
-2.251003
-1.378222
3.520139
2.895924
-0.269352
3.231423
-2.165248
-2.759233
2.971276
1.239058
-1.202000
2.417502
-0.245380
2.811285
-0.593574
-0.606105
-1.740755
-0.609606
1.367476
-1.687409
2.728913
-0.898984
3.977897
3.458926
0.366241
-2.205222
2.088837
3.783656
3.001475
-1.084887
0.723287
0.984634
3.090542
3.039796
-0.688864
-0.431734
0.772022
-1.074296
0.856841
-2.079318
-0.843860
2.838341
-1.000486
3.174184
3.274355
-1.991213
3.439351
0.790197
-0.984207
3.257869
-2.324598
0.481370
-1.162225
0.905159
-2.758642
-0.922002
0.495437
-2.885189
-1.612497
3.010948
-2.732505
1.059061
1.310009
-0.157910
1.992212
-1.947701
1.473735
0.326038
3.891388
3.945382
3.133329
0.814702
0.257634
3.168490
-1.706681
-0.826169
2.631397
-0.443956
0.015049
-2.734611
3.855282
-2.134450
-2.300701
1.664535
-0.038444
1.220475
-0.723026
-1.214314
1.634096
1.572343
3.181140
-2.928192
-1.436774
-2.437118
-1.332088
-1.181785
0.595943
2.291812
1.276849
-2.846739
-2.887439
-0.294692
-2.895005
0.120258
-1.271549
1.704986
3.017170
3.581832
-0.643791
3.859856
-0.963904
1.749715
-1.707127
-0.124249
-1.631394
-0.867580
2.464141
-0.476030
0.725782
-1.180655
1.698212
-0.180220
2.178785
2.383171
1.743873
0.463699
3.418941
0.066653
-2.489464
0.738306
0.203243
3.409245
-0.074587
2.907725
-1.687458
0.139080
0.494177
3.505380
0.629722
-0.148538
3.743632
-0.108727
-2.857434
-1.153656
3.906495
-0.653986
3.626129
-0.896201
3.520482
2.877015
-1.491090
0.434196
3.568446
-1.974044
-2.282015
0.839922
0.793211
1.608563
-2.441096
1.189730
-2.631659
-0.485926
-2.722842
-2.966291
2.221390
3.583517
3.467867
-2.823566
-1.995331
-0.563859
3.547004
-0.667548
1.302019
-1.285296
2.585250
-2.535388
-1.464704
-2.091807
-2.505073
3.350825
2.998866
0.225111
0.540166
1.997509
-2.352310
1.896921
-0.778056
-1.060535
0.893140
-1.878291
-0.964663
-0.757591
-2.093353
-2.634444
-0.495983
-0.753912
1.220656
1.582312
-1.418192
-0.676363
-0.999317
3.743691
2.129251
-1.523227
-1.247827
3.011284
0.553903
0.382056
3.770897
0.891405
-2.355153
3.217719
3.440657
0.550815
2.159827
-1.160801
-0.263296
-0.615185
-0.233659
0.983520
0.721502
-0.224664
-2.858611
-1.472274
3.417906
-1.530803
-2.800142
3.116213
2.776234
1.329550
1.481847
3.405927
3.008454
1.402477
1.122582
0.329193
2.215802
-2.634416
-0.440430
0.699828
0.793441
-0.247608
0.455591
0.134339
3.452929
-0.757403
0.016668
-1.453667
1.411243
-2.355554
1.067848
-0.800730
-0.046288
3.026769
0.329068
-1.390846
-1.104051
2.375081
-2.836701
2.201428
0.831976
3.658501
-2.007748
2.566999
1.002460
-0.408279
-0.160513
-2.576331
1.013497
1.393717
-1.786034
-1.061240
-1.778520
-0.431638
-0.796730
2.051528
-0.704943
-1.748347
-1.657178
-0.912227
3.896524
-0.000994
2.030130
2.197472
-1.475184
1.060242
1.950912
-0.629343
-2.417681
2.128017
3.631384
2.363191
2.412238
3.859354
-2.943921
2.483685
3.689558
-2.814252
-2.170774
-1.766906
-1.967688
-2.845500
3.469639
2.156361
-0.523104
-2.189847
1.228272
-0.140946
1.521174
-2.017756
1.274217
2.020836
0.676693
1.251542
2.899550
-0.561679
-0.602652
2.181391
-0.762456
1.375176
0.435415
-2.251905
-2.774795
3.189383
3.322037
-1.575812
3.669448
0.618044
3.458844
1.974727
2.738410
1.981745
3.952517
1.696842
-1.438059
-1.770856
-2.418738
0.641963
0.040540
-2.804044
-0.233357
-2.641031
2.866807
3.949008
3.076012
-0.596374
-2.369427
1.818738
0.985784
-0.585371
-1.816066
2.373881
-0.839787
1.495630
-2.953623
-0.991410
2.860304
3.815734
1.037282
1.266686
1.790384
0.538231
2.537837
3.809462
-0.241809
1.375389
1.129105
-0.082414
-0.572142
-0.806018
-1.983091
0.018260
3.927135
-2.920371
3.873619
3.372474
-0.643485
-1.045911
1.465303
-0.234306
-1.674554
3.362954
0.567923
-1.056499
0.913902
0.016562
-1.340312
-0.946369
0.906212
-1.744430
2.257581
0.159866
1.056533
0.021237
1.361205
-2.124982
2.366613
-1.117590
-1.151945
-0.287409
1.425816
-1.046800
3.522662
3.877428
-2.914407
-0.828816
-1.302324
-1.233135
1.700735
3.434101
0.257196
1.666303
3.396049
3.388915
-2.628464
-0.829249
-1.405139
-1.165763
-2.977545
1.019670
2.548178
-0.587250
-2.648364
0.625450
1.933887
3.770350
0.164696
2.490440
-0.089200
-1.769964
-2.440121
1.195738
-0.787979
1.086030
1.105546
0.480644
-0.546293
2.818663
2.704038
1.060676
-2.817904
-2.189677
-0.550255
-2.989346
-2.834204
3.831064
0.694533
-2.833868
-0.313062
3.380133
-2.588706
1.261568
-2.978882
-0.443798
-1.932122
-2.555268
-0.885880
1.931067
3.181884
0.322744
-1.520199
-0.318624
0.088999
2.219045
2.583128
3.484342
1.798507
0.831342
-2.157401
-2.460161
3.185969
-1.097997
-1.677170
-1.871648
2.085507
1.530375
1.894907
-2.767484
-1.497426
-1.905236
0.690484
3.970164
-0.636403
1.936067
-1.751668
-0.291596
-1.787021
-2.899254
1.178344
1.767429
-0.211113
3.236093
-0.271205
-1.164672
2.849711
1.785595
2.934303
0.591481
3.151972
1.351295
-0.288693
0.214386
-0.458289
-1.569289
0.380836
1.958418
0.460648
3.511896
-2.314703
-1.720330
3.011602
0.334610
-1.845854
-2.928939
2.997246
1.327725
0.279974
-0.122826
3.330582
2.987284
3.975965
3.199573
0.233148
-2.644125
-1.280515
0.443227
3.082448
2.517588
0.026280
0.185115
-1.710532
3.695931
1.922426
-2.560531
0.409992
-2.267867
-0.174090
-1.484210
-2.897572
3.510619
-2.272218
-2.730724
-2.903438
0.661506
-0.202476
0.718941
-2.171103
-1.712595
0.024652
1.121944
-1.492702
-1.747387
3.131243
-0.635492
-1.781135
1.664045
-1.461276
2.924242
2.962016
-0.439137
-2.327774
-0.584392
-2.679793
-2.586353
2.938121
1.421094
-2.000759
-2.042947
-2.312524
2.715041
1.828496
0.010993
-2.195927
-1.514941
3.446758
-1.070727
2.183545
2.969656
0.289143
0.146622
2.512050
2.602911
3.813221
2.104264
2.349224
2.606159
0.811953
1.083026
1.051612
1.069726
-0.110209
-2.521500
-0.238463
0.804491
-0.348779
2.420390
-2.349624
1.176499
-0.968325
0.578523
3.988981
0.498472
3.851665
0.894986
-0.510916
2.688817
1.378189
-1.367723
3.888532
2.234265
2.823862
-1.835218
1.820822
-2.773399
-0.002720
-0.072221
-1.496054
1.043417
-0.283874
-0.959295
0.687171
3.285946
-0.399351
1.496946
1.487362
1.716675
2.557678
0.873960
0.287648
3.031132
0.405239
0.361064
2.802080
3.001128
3.400178
-1.287331
-1.910280
1.407835
2.151186
3.305647
0.841975
-0.495843
1.068169
-1.664520
-2.350608
3.533692
2.627316
-0.684982
-1.886427
1.965993
-0.558792
-0.567037
2.641009
-0.229279
0.417299
2.548772
-1.676654
-1.850069
-1.430922
-1.696720
-0.164063
-0.531083
-2.551775
3.891971
-0.069596
3.820947
1.484983
1.658193
3.985977
1.991277
-0.506953
-1.712508
-1.665592
0.971014
0.808482
-0.278906
3.397828
1.354601
-0.235516
1.228948
-2.039144
-1.781480
-2.451952
-1.115935
-2.170444
3.146846
1.961428
2.907078
3.602584
-1.678288
3.034364
3.066209
-2.662646
-0.620485
0.510297
-1.644086
-0.220305
-2.892857
-1.834653
3.034626
3.915485
0.873738
-1.117199
2.795319
1.218636
-1.243681
-2.522220
-2.046302
3.452671
1.929670
-0.532334
3.260341
-0.302227
0.894032
1.642677
-1.532464
-1.654496
2.537861
-0.719464
-1.085458
-1.855347
0.539374
2.711867
-1.953754
-1.125091
1.350289
-2.740040
-2.443868
-0.816215
3.548602
1.600563
-1.450316
-2.403502
3.826937
-0.968903
0.319737
3.095929
-2.746235
1.484787
-2.608409
2.730984
2.254120
2.123254
-0.752308
0.650405
-2.279154
0.928940
-2.335601
3.133174
1.902672
3.665108
3.771511
-0.453516
3.464682
1.826694
0.767332
2.257092
0.386158
-2.475054
1.814962
-1.652616
-0.172434
-0.784633
-0.285064
1.061469
0.548634
0.940390
3.610287
-2.250419
-1.067629
2.221777
-1.843654
-2.695917
2.196159
3.929201
2.067978
-0.453401
2.202533
-1.146072
-0.291549
0.123675
2.927103
-0.238726
-0.648894
1.103893
0.263895
-2.956859
0.995629
-1.949989
-2.004271
-0.387855
-1.034606
0.958074
1.296699
0.405931
-0.765967
-1.494731
-1.709463
-2.914225
-2.491206
3.393364
-1.035738
1.588466
-2.350795
2.607805
3.906506
-0.317674
-0.448057
-2.369573
-0.835989
-1.491847
3.095482
1.071789
3.353652
-0.620919
1.209442
-2.179717
-2.501713
-0.835132
2.935639
2.450882
1.723165
3.252929
1.365905
-0.905517
0.676033
-0.899014
-0.607548
3.582382
1.276581
0.484941
0.499626
0.481352
2.077801
3.373413
3.111179
-1.907666
2.315739
1.854548
0.266633
-2.464776
-2.016858
-2.039524
0.436623
2.603965
2.531840
-1.495257
0.288954
0.409919
3.351202
-2.754006
3.627807
0.208872
2.998523
1.413635
-0.359721
-0.940587
2.273731
-2.275699
2.974236
0.804786
-2.509507
0.167635
3.743667
-0.401098
1.554065
-0.956449
3.407768
3.563540
-0.258487
0.959565
0.971209
1.933731
-2.676028
-2.576688
2.369812
-2.652011
3.427580
3.985332
3.644437
2.480654
3.208108
2.152227
-2.168665
0.647563
-1.067158
-1.792429
-1.233991
2.235133
1.587775
-2.587691
-2.238436
-1.262379
-1.022621
3.678466
-0.721732
-1.399226
-0.878364
-2.662667
0.054329
0.116915
2.120113
-2.180646
0.105499
1.156796
0.512077
-2.801021
-1.693960
0.886589
-0.423217
-0.388564
-2.178232
-1.934361
-0.682846
-0.361270
-2.649019
2.522213
-2.150510
3.537121
0.605020
1.436451
-1.113104
1.904672
-1.728127
-1.309494
1.130267
3.217901
1.371368
2.376357
1.341570
-2.983989
3.431587
-0.217630
3.197073
2.876302
3.848182
1.569065
-2.790150
0.638270
0.291558
-1.359043
3.993181
1.648111
2.385562
0.101168
1.190657
3.337576
1.737419
2.994362
2.596155
-0.705300
0.500161
-1.466278
3.842881
2.302314
0.244919
-2.652482
-1.802446
3.290296
1.844732
1.211953
-0.265851
2.209362
0.262038
0.093058
-1.238059
2.946106
1.754533
-1.587805
1.666767
2.608411
1.445487
-2.197687
1.027237
1.393936
-2.525294
2.993224
2.279800
-0.564997
-2.548132
3.400588
0.398894
0.270295
-0.051864
2.839481
0.802859
3.333660
-2.403639
-1.465670
2.362060
-1.941531
1.385048
0.668436
3.765000
3.554509
3.490140
-0.482799
-0.308530
-2.479947
-1.672957
2.561946
0.458171
2.780470
-2.575589
0.030023
-1.573069
-1.339358
-1.396543
-1.906822
-0.104681
-0.896761
2.391832
3.301297
-0.371017
0.490937
-0.232274
-2.407645
2.182940
1.536131
1.616921
-1.370890
2.046988
-1.865801
-2.408961
-2.239416
2.386136
0.426749
-1.296416
-0.653997
1.291115
1.850926
3.036523
2.680613
-1.593338
3.138340
1.367799
-2.781993
-0.523024
1.724072
2.965154
-0.455840
3.051492
2.414266
-0.750546
-1.998738
2.720573
-0.822218
3.596622
-2.615427
2.980550
3.502122
2.600864
0.703457
-1.404808
3.661034
-2.896564
1.702984
1.432642
-1.520678
3.995210
-0.861996
-2.508949
-0.021496
-2.333635
-0.284747
-0.857931
3.007807
-0.114535
2.663397
-2.135364
2.708644
1.725977
-0.532663
1.570982
-2.471636
2.211499
2.269985
1.172274
1.282662
-2.190785
2.146441
3.831167
2.520974
2.747495
1.220552
3.470570
-2.993701
2.279613
1.418624
1.795866
0.831259
-2.929873
-1.222776
0.315599
3.580987
-0.606516
1.411076
0.463900
0.536755
3.937365
2.364951
-2.189298
2.860342
3.411277
3.384945
0.921066
-2.016243
3.956550
-1.000970
-1.639709
1.211074
0.338989
-0.924048
-2.614931
-0.544601
2.977378
-2.582821
-1.147074
0.654521
-0.472184
3.123900
0.390948
0.797980
0.224983
3.355354
0.360458
-0.369178
0.184587
-0.695315
0.244376
2.902244
-0.843582
3.659419
2.238843
1.766250
2.761408
3.034400
-1.334287
1.287523
-0.933135
1.162659
1.462897
2.225446
0.000106
1.527622
-2.165689
-1.747893
-1.369669
0.688729
0.019859
2.914967
-2.230934
-2.547752
3.115775
-1.269281
1.475772
2.857170
-0.252765
2.762533
-0.736452
-0.980870
-0.086558
-0.826220
-2.912942
-2.987704
2.156724
-1.740173
2.929879
0.096996
3.509730
0.839762
1.227959
-1.780458
0.545009
-0.693748
-1.711782
1.514939
-0.134809
-2.822677
-0.940328
2.269361
1.704364
-1.215580
-0.739929
-2.887044
2.886562
-0.102797
3.883732
0.224096
2.405767
-2.652638
1.665690
-2.889978
2.575850
-1.264508
3.219663
0.498380
-1.119607
-1.854868
-1.552193
0.860181
-2.773883
0.449844
1.084002
-2.215109
0.194154
2.774547
1.320153
3.347208
-1.268208
-2.190294
2.718319
-2.072453
-1.712428
3.388182
1.935510
0.045133
1.808653
-2.469010
-1.848212
3.406864
3.172276
-2.275476
-1.629547
-2.821847
3.356383
1.925487
1.431002
-1.705963
0.528823
-0.417736
1.769362
-2.502873
1.214287
-2.709411
-0.809235
0.236900
1.793891
0.267306
1.707913
1.894824
2.827567
0.198370
0.308495
-2.803245
-1.334522
-1.887465
1.487930
3.917385
1.034496
-0.137103
2.851758
3.289052
-2.338942
-1.604132
0.353285
2.965622
0.956590
-2.126307
-1.453865
3.472700
2.683812
1.727245
1.868526
-0.691837
2.627935
1.903400
3.331871
-2.412653
2.607389
3.032459
2.912017
2.455148
1.808202
-2.551893
-2.861738
0.208632
-2.901769
-2.832161
1.704322
1.095933
2.278326
-1.862730
3.671984
0.811507
2.213791
-1.084754
1.829618
3.543917
-0.477842
1.827766
1.841212
1.498930
0.036489
2.154909
-0.346811
2.451235
-0.535903
3.996936
1.263276
-0.612254
2.757960
3.558136
2.244898
-1.831265
-0.927185
1.453998
3.179535
3.618084
2.805761
2.937344
2.672288
3.764589
-0.436088
-2.720440
3.843733
-1.430270
1.576993
3.679802
1.705630
1.214913
3.459442
0.933348
1.424564
1.694945
-1.153166
-0.850191
-0.285733
-2.072469
-0.986707
1.372752
-1.260600
-2.825210
-2.454560
-0.646804
-2.163329
-1.178820
0.445491
0.372280
2.552230
-2.928916
-1.247586
-0.838903
3.317530
-1.567944
-1.112253
-2.381684
0.828901
-2.114422
0.081176
3.875749
1.890889
3.504324
-0.901238
1.039026
-2.950291
-2.393549
-2.745630
-2.145482
0.818121
2.200869
3.782419
-0.964729
-0.912835
-2.318115
-2.997470
2.653421
3.383626
3.966388
-0.118660
-2.553866
3.046722
-2.668051
-1.731778
1.116363
-1.019239
-1.555179
0.970599
-1.179397
-0.139510
1.639287
-1.717829
-1.129004
1.402900
-1.096550
2.956000
-0.212691
3.835669
-2.334168
-2.885575
2.148972
2.494549
1.757935
1.596238
1.913939
1.794667
-0.430975
-1.483914
-2.286310
-1.190729
2.670281
-1.187129
-0.991759
-1.131986
-1.116146
3.087068
-0.587134
0.221709
1.167968
-0.269944
-0.966972
-2.057114
-0.998502
-1.815788
0.974948
0.987767
0.777778
-2.470727
3.507454
2.598957
2.510316
-1.630936
-0.743269
-1.662830
0.159630
2.230393
-0.632545
-1.094431
-2.643469
-0.694183
3.624068
0.952213
0.111027
-2.296134
-0.129410
-0.466199
-1.992608
-0.949946
-1.739107
-0.175952
3.272457
1.908192
-1.391787
3.056331
-2.778366
-0.150388
-0.942633
0.652141
0.641687
-1.939771
-1.624106
-1.099083
-0.289293
0.991313
1.210946
-1.780551
2.527518
-2.137671
3.312076
-2.012455
-1.711105
-0.884752
-0.659245
3.423802
-2.387674
-1.254857
2.952207
-1.261326
0.961112
0.318819
3.335657
2.880498
3.663909
0.846565
1.026759
-2.185107
3.989104
-0.894936
3.747937
0.547482
1.266216
0.395794
0.905700
0.534091
2.588413
1.965847
-2.324511
0.694294
-2.548126
1.407566
-0.500288
2.167096
3.866700
-2.993191
-2.575036
0.887168
3.022101
1.406669
2.957167
3.093285
-0.308907
-0.374646
3.103810
-0.802219
2.575934
3.649593
1.783756
-0.758242
2.228065
-2.252784
2.304245
-2.979992
3.681458
1.820011
1.714602
2.920753
-2.596107
-1.745538
-1.227837
-2.040660
-2.466367
3.595523
0.597052
0.458118
1.131554
-0.541638
-1.894583
0.460044
1.573152
3.828981
-2.539794
-2.938946
2.003129
0.652914
-1.356246
-0.118236
-2.366791
2.813573
0.089757
0.361475
3.911707
1.598846
1.522969
-2.933504
-0.277494
-1.268198
1.816506
2.151456
2.912495
1.542390
2.858739
2.634337
1.089833
-2.039175
0.898796
3.744636
1.129627
3.854367
1.349722
2.453807
-1.895579
3.490624
2.727459
0.821183
2.442129
3.179934
1.094311
-2.630517
-1.043109
0.966912
1.419308
3.619553
0.862163
1.504860
3.773432
-2.921231
2.828122
-0.977241
-0.564480
3.592223
-1.988676
-0.661900
2.105725
0.490833
1.154778
-2.107469
2.059741
-2.975116
-1.671183
1.462364
0.077945
-2.687383
2.308334
-1.820657
-2.850041
-0.548982
0.031635
0.019326
3.902987
-2.105131
-1.191699
-0.819605
-2.640386
-2.505174
-0.181672
-0.755704
0.069973
0.506902
1.519237
2.011870
-2.583299
-0.685047
-1.190272
3.680101
3.694179
0.931662
-2.130179
3.295776
1.221004
1.069922
1.022182
-2.508129
-1.584687
3.251860
2.582987
1.613902
1.780440
0.117610
-1.897524
2.003794
3.520353
-2.639613
-0.426418
0.344018
2.232642
2.121346
-0.205774
-1.833712
0.357164
2.450396
-2.456179
-1.347811
0.884656
-1.092350
-1.930628
1.532259
2.521837
1.315471
2.269084
3.644226
3.444928
-1.379701
2.915014
0.434380
1.297355
-1.973665
-0.434832
-0.170438
0.897358
3.649026
2.368478
-1.389102
0.454822
-2.625116
-0.629986
-1.809183
0.895299
2.639440
3.629799
-0.935592
3.453282
2.003537
0.853491
-1.120585
-0.817423
1.559975
3.778820
-0.950166
1.763030
-0.336319
0.294380
1.455596
-2.751700
3.204738
3.774101
-1.820519
-2.339746
-1.123783
-2.878934
-2.240534
3.120903
-2.807141
-2.012648
0.388233
1.325726
-2.324663
1.428845
-2.527073
2.508057
0.331650
-1.330956
3.120632
1.605400
-1.547616
3.344426
0.497867
-2.741474
0.476218
-0.594490
1.023779
3.881814
-2.041380
-2.781658
0.960446
3.371209
1.315845
-0.374347
-1.789830
1.071168
-2.834745
-2.285288
-1.646094
-2.588665
1.411119
2.100259
3.561665
2.434148
1.498074
2.901784
0.420680
-2.314432
-2.114113
3.190796
-0.206989
0.996087
1.395256
3.585622
-2.857317
-2.941638
0.590814
-2.693132
0.564283
-2.347469
2.043676
-1.710154
1.228499
-0.281728
-0.341838
0.343117
1.002484
-1.271321
2.054063
-1.583790
-2.891083
0.816365
2.553943
3.069570
2.640430
0.315215
1.961556
-0.355771
2.764143
-2.448325
1.550272
0.901469
2.596615
0.460908
1.480555
2.312075
-1.003773
3.536530
3.447849
2.823533
-2.298627
3.756670
-0.001452
-2.496403
3.978242
-1.095425
-0.979533
0.367693
0.427613
0.440974
2.459834
-1.971895
2.347179
3.007432
2.822780
3.294411
1.035144
1.870896
2.676169
-2.018122
2.903821
-0.806536
-2.660595
2.081202
-1.232381
-1.152106
-0.345849
0.373219
-2.566490
-0.686523
1.564902
1.891356
-2.174905
3.161568
0.539765
3.762037
3.476406
-0.888838
2.558306
-2.628795
1.101996
3.823040
2.489073
3.168397
0.508014
2.185190
1.613236
1.708896
-1.805572
-0.754693
3.249784
2.021605
-2.291135
3.894419
-0.881679
1.523066
2.131238
3.577331
1.487206
-1.473377
-2.621281
-0.752245
-1.563915
2.717048
2.611683
-2.379959
1.505533
-0.094620
2.951539
0.088011
0.479583
1.620819
2.756886
3.072554
3.140399
-2.727984
1.421658
1.854501
-2.231821
-0.211857
-2.511595
-1.937654
-1.150437
1.319479
3.876917
-0.674260
-0.201238
-1.983054
-1.721802
-1.016158
-2.281459
1.661035
-1.338252
-2.846625
-0.873886
1.970805
-2.795641
3.309391
-0.397233
-1.961487
3.012981
0.764004
-0.962457
2.930264
1.177980
-0.631000
-0.224208
1.727555
0.825536
-0.684509
3.691125
0.959773
3.021784
3.655813
-2.034155
2.097291
-0.045162
1.602198
0.130048
-2.318574
3.324676
1.856016
0.939915
3.963606
3.789420
2.620602
-1.593856
2.787950
2.991894
1.330384
1.252793
2.526104
0.911750
-1.285685
-2.215368
2.813422
3.929397
-2.541625
1.819735
0.431996
-2.275203
2.091707
0.992278
-1.443647
-2.297490
-1.174711
3.679025
-1.228506
3.592436
0.073097
-2.333682
1.466032
-0.734682
-2.505982
2.830260
-1.680176
-2.215748
0.819895
-1.721741
-1.823944
0.714008
3.119092
0.377672
-2.611303
-1.303072
1.885314
0.181614
1.944834
0.517827
1.092394
0.354310
1.462404
0.976292
-2.657605
-1.373329
1.457935
1.100269
2.231321
0.632853
2.958787
2.865738
-1.329501
2.651731
2.266215
-2.480033
3.770195
0.869099
0.362154
-2.361689
-2.403653
0.642887
3.353054
2.475071
2.531378
3.872223
3.288144
-2.822786
2.153142
2.474347
-1.542193
3.084286
1.776297
2.456100
2.866341
3.216136
-2.968715
-2.193716
-0.406714
-0.944720
0.459371
1.806547
1.741920
-2.986175
1.765851
-1.641483
1.650886
3.442028
-2.394427
1.005860
2.267715
-0.562146
-2.221051
2.646443
3.852005
-1.637649
-0.841701
-1.199534
0.545003
-2.508085
3.267001
0.575461
3.555356
-1.428615
3.607993
2.805497
-0.988126
0.319778
3.426490
-1.086903
2.504763
3.242938
-0.196258
-0.266786
1.635440
-2.459298
-0.133111
0.206905
-0.883407
2.507017
-2.550570
2.680937
3.096941
2.448429
3.983422
-0.941646
0.847510
3.986958
-1.391860
-0.576550
-1.628920
-2.249282
3.742979
1.921479
3.579280
0.495405
-0.567349
3.726387
0.911987
0.845276
-2.896551
2.595136
-0.982512
-1.997689
-0.509967
3.075380
3.929746
0.553065
2.488660
-1.535603
-2.618104
-0.180422
1.844661
0.273869
2.334673
-0.763336
-2.457740
2.289999
-0.448195
-0.893694
-2.885461
-1.376006
3.366498
2.563241
3.245529
-2.422465
3.844919
-2.794152
1.048641
-2.509789
2.112861
3.208654
3.102761
-1.307776
2.506226
1.703403
-2.779754
3.205680
3.948453
3.852167
-2.180269
3.522074
0.145636
1.914771
-2.932652
-2.630209
-2.083406
-2.945731
-1.055631
-0.607220
3.177417
2.198716
1.869635
0.850178
-0.339762
2.863811
0.292289
1.764627
3.388226
-1.825573
-0.669061
-1.004363
2.607904
-1.714322
0.870455
1.198722
-1.765201
-2.956583
-0.136594
3.510521
3.374241
1.026651
3.070643
-1.346331
0.206657
2.594565
-0.152850
-2.505383
1.297666
3.924088
-1.787348
2.143006
1.974617
-2.611162
0.014320
0.728499
-1.295298
-0.693506
3.737906
3.910460
0.481329
2.582971
3.108094
-2.025269
-0.315948
-2.085977
-0.524377
0.989505
-1.272328
1.955470
2.103257
-1.660254
0.610948
-1.307833
2.599046
1.341629
1.465847
2.649626
3.018360
-1.253080
3.464748
3.921803
0.872451
3.988633
1.210118
-2.415245
-2.124682
1.247178
-2.140498
1.050049
2.770845
0.979924
3.895849
-2.550136
1.655040
1.991217
-0.836796
1.976429
2.698973
3.527384
-2.648229
3.443686
-0.906837
-1.366699
0.554373
-1.434851
2.073372
2.975066
1.171390
2.648993
1.419240
3.981104
3.644788
3.289277
0.672516
-1.827852
1.697706
-0.309532
3.790340
3.462730
-1.933124
2.260644
1.555006
3.723416
-2.898173
-0.500595
0.310214
2.274727
3.818078
-1.279083
-0.702106
-2.419867
-2.051902
0.921272
0.449423
2.058068
-1.298552
-0.302150
-1.011559
0.984475
-1.265327
1.547476
-1.564055
-2.059882
-0.130620
-0.960017
-1.379793
3.603641
1.918470
0.882659
-0.323085
0.423254
-1.092647
-2.728328
1.785986
-1.182306
3.981385
2.120111
0.889067
0.583370
-2.622082
-0.860410
-0.064146
0.371687
-0.665557
0.762116
0.179310
3.245261
0.400689
-2.209002
-1.370685
3.901309
-1.159562
3.814770
1.714075
-1.916296
3.342558
1.264464
-1.713769
-0.341416
1.694016
3.819119
3.868377
1.653989
-2.068444
1.931675
-0.325068
1.225795
1.088216
-2.188278
1.960714
2.011078
3.259952
3.670797
-2.704547
0.251646
2.142694
3.245087
0.991524
-0.676431
-1.696534
2.645816
-1.312803
1.728311
-1.312082
2.614804
2.808747
-1.153978
0.459384
3.841195
-1.410562
-2.609535
2.205243
-1.560551
0.883759
1.348911
-1.525893
-1.538553
0.217575
2.517370
0.543132
0.657420
-1.534493
-0.210506
1.185427
3.048921
-1.755859
-0.326185
3.768362
1.539668
-0.614096
1.292537
2.865237
-2.575664
2.208244
3.952607
1.852201
-1.998930
1.838699
-1.948725
-2.220958
3.230693
-2.177857
-2.056264
1.827211
0.365552
-2.976804
-1.275471
-2.065912
-1.975727
3.701660
1.049571
3.763270
-1.502866
-0.523962
1.155653
1.335354
0.957779
-0.227736
-0.001009
2.325745
-0.045093
-2.136331
3.256204
3.377298
3.459208
2.063283
-1.700243
-2.936931
-0.450562
0.519948
1.778990
-1.983734
1.791842
1.399034
-2.856938
-0.288822
-1.957883
-2.444387
2.890217
1.389541
-2.788811
-2.546140
-1.054872
2.814246
-1.233965
2.040268
1.320037
-1.567061
2.384216
1.681792
-2.812149
3.016202
0.037905
3.881567
2.007560
-1.047528
3.038020
3.647370
-1.713132
-0.146444
-0.644103
0.437137
3.191322
-2.969295
-2.734298
-0.995341
-1.586522
-1.713913
0.094393
1.017680
0.398646
-0.202738
2.026882
-2.211060
1.493546
-1.246206
-1.290206
-1.586440
2.290594
3.269334
-1.412137
2.413947
-2.885008
0.206200
-2.584127
-2.392765
3.315169
-2.334344
2.584663
0.143777
-1.653666
3.200340
1.187641
-0.826246
3.795817
0.564812
2.877396
1.786698
1.702223
3.112471
-1.484586
0.075548
2.573694
1.884130
1.570095
2.439646
2.291823
1.004839
0.573905
1.189550
-1.705858
2.012936
0.901984
3.531805
3.605422
0.567031
2.243674
-0.998621
-1.347602
-1.317053
-0.222656
0.679572
0.831719
0.627575
2.656547
-0.813179
3.754018
1.779903
-2.706268
0.841968
-0.412395
0.764615
-2.868456
1.677298
-2.128696
0.676675
2.874430
-2.226625
-1.211632
1.131101
-2.781029
-2.990413
0.007278
1.466118
1.641638
0.320806
3.624125
0.780977
-1.012316
-1.660333
-1.144514
2.533184
0.546102
3.107473
-1.244371
3.392619
2.650014
1.748410
2.134040
3.696362
2.474793
3.924470
-0.151771
3.568307
-2.569480
-2.139950
2.040729
0.901317
3.841449
0.820020
-0.887858
-0.763403
-1.954019
0.813527
2.723940
-2.696077
-1.220977
0.428432
2.810405
0.891681
-2.945624
3.863781
-1.229563
0.158763
-2.843685
-2.835335
-0.803772
-1.542637
-2.521902
0.958600
-1.780041
1.507411
0.539248
3.519167
1.656805
1.566663
1.639559
-0.744287
-0.847430
-1.732941
1.659585
-2.029135
-2.102870
0.903890
-1.762589
1.871195
-0.939393
1.200207
-2.565746
3.487069
3.955153
-0.480383
2.865174
-1.293971
-0.175370
3.556771
3.989020
1.458071
3.764322
-1.168574
1.201336
0.945976
-1.594892
-0.751424
-2.665723
-0.972512
-1.519132
-0.195414
-2.803931
-2.001538
-1.325049
1.003760
0.018909
3.077993
0.637855
1.074133
0.021487
1.126921
3.200406
-0.263563
1.564347
0.656551
3.882085
-1.857342
1.404491
-0.394777
2.803714
2.016065
-1.708367
2.166779
-0.069012
-1.785372
1.030538
-0.748959
2.677813
1.754080
2.176409
-0.743746
-2.184494
0.035576
-1.132287
-2.682687
0.002236
2.205570
2.743087
-0.539974
1.767327
0.714211
-2.012150
2.992536
2.159510
-2.765282
-2.497050
2.818076
0.905593
0.908634
-2.586821
-2.128278
-1.570286
1.400105
0.049846
1.076649
2.021290
0.651635
3.307622
2.253137
1.331958
3.079313
-2.985359
3.979115
2.798725
-1.469363
-1.766278
-0.351638
2.469959
-2.794031
0.124204
-0.137729
1.553432
-1.835214
1.426751
-2.053890
1.202833
-2.408142
-2.970754
-0.428993
-0.697747
-1.931193
1.239394
2.501883
1.679037
1.961641
1.750534
-2.853029
-0.857031
-0.416648
-1.118487
1.019605
2.531728
2.754278
1.173930
0.493887
-1.663789
1.248493
-0.727006
0.586243
-2.769940
3.728927
-0.356499
1.406359
2.731614
-1.456341
-2.457130
-2.854933
3.656853
-0.833503
-2.275636
-1.929956
0.986464
-0.232746
2.313468
2.419444
-2.527004
2.888267
3.719929
-1.687217
2.268181
1.649813
2.875865
1.183167
3.323006
-0.377853
-1.613700
2.699222
-1.091401
0.543272
2.062449
-1.923313
-1.500645
-1.768299
1.268146
0.818641
-2.701391
3.583636
2.493051
-1.770420
-1.235443
2.580168
-1.920359
-1.395690
0.847497
-2.599290
-2.273355
-2.936187
2.097954
3.706468
1.719348
3.515732
2.333262
2.826293
-0.796836
0.760818
2.525196
-2.157367
2.810098
-2.094002
-1.864719
-1.478981
3.632341
3.419008
-2.920936
-2.689641
3.964527
-1.501626
3.704194
2.375243
2.836372
-0.831272
3.941278
-0.552749
-0.111130
3.704762
1.281800
1.901315
3.134044
0.898964
1.033334
3.651710
-2.099920
-2.187414
-2.892416
0.983102
2.543963
-2.752597
-0.006935
-0.374790
2.275330
1.219254
-2.357631
-1.589505
2.956106
-2.644546
0.120896
3.911269
1.803324
-2.736355
0.493684
0.199814
-0.648393
-0.896053
2.044018
-1.788040
-2.875486
-2.263556
-2.806287
3.345428
3.707026
-2.605008
-2.441992
1.969862
-0.709577
-1.201492
3.763482
-0.192062
-2.436546
1.444734
1.465622
0.013454
-1.104090
-1.686137
1.482891
-0.881032
-1.469681
-2.283426
-0.383090
2.472876
-0.222222
0.547776
3.886280
-1.537180
2.087858
-0.931112
-2.983037
-1.603716
-1.760684
-0.200789
0.862206
-0.725618
-0.455982
1.961758
2.643217
-1.736130
3.826425
1.429062
0.458977
2.445043
2.970143
-0.046023
1.488152
2.461844
1.479686
1.358407
-0.811450
-1.061161
-2.634276
3.007761
2.084295
1.191623
0.582593
-1.901444
0.045506
-0.255884
-1.284675
2.672132
-1.507940
-0.488973
-1.940109
-0.368585
-1.049058
3.106248
1.858269
2.588177
-1.377749
-1.517604
-2.820977
3.722348
1.088508
-1.589589
-2.121248
-0.166772
1.057414
-2.849367
3.192583
-0.857424
-2.385273
-1.527518
1.690003
-1.391887
-1.420606
-0.260313
-2.363019
1.000692
-0.258032
0.963249
-1.485599
1.634845
-1.161853
2.958060
-0.889085
2.082704
1.919317
-0.851577
1.625525
0.241940
0.838924
0.472419
3.210179
-2.664421
-2.292506
3.631282
-0.264048
-2.455745
2.324538
0.739777
-0.926018
-2.231494
3.432229
0.351687
1.416834
-1.563718
0.087656
3.758141
2.468935
-0.455549
2.838153
0.011545
-0.383891
3.989120
-1.170021
3.286460
2.736422
3.140013
-2.804881
0.261994
-0.106516
-1.804850
1.322938
-1.031370
0.604760
1.771603
-1.714717
-2.766819
-1.954220
1.887168
1.431116
1.742833
1.862801
3.857274
1.127661
2.302141
2.661652
2.713036
0.359995
-0.868106
-2.337296
-1.936657
-1.313628
3.917770
-2.524718
-0.062137
2.360281
-2.116790
-0.318035
3.386264
-2.388045
3.199417
-0.563742
0.889042
1.379881
-0.798817
2.647177
1.113406
-1.929977
-2.440061
1.253500
3.074223
2.533803
1.465450
-0.891687
-2.762960
3.958451
3.623026
-1.219568
-1.533630
0.787344
3.257935
1.582721
3.639047
2.927197
3.403372
1.093964
0.823687
3.358801
1.346049
2.112834
3.189352
0.373463
-0.573081
-2.199961
-2.076059
1.710542
-2.715218
-1.134828
-1.611667
-0.287418
-0.098049
2.600162
0.466867
-0.431011
-2.004936
2.078346
3.013052
3.709547
2.942923
2.821113
-0.986528
-0.535499
2.065381
2.712966
-2.056646
3.858316
-1.047128
1.869748
2.330307
3.916735
2.628400
2.506829
-0.148044
0.145267
-2.636499
1.754142
-2.229205
-1.954717
2.240652
-2.743405
1.006732
3.046540
1.656866
-1.849155
1.100789
2.528543
0.824985
2.204284
-2.589398
2.987834
-2.780744
3.197190
-0.631667
-2.580742
1.762570
0.042913
2.528722
3.742605
0.440510
3.269773
3.523509
0.405388
0.744510
3.956297
2.532448
2.010677
2.660913
-0.411753
-0.864208
3.945150
1.773582
-1.859478
-2.752527
-0.784189
3.620290
1.448786
1.786276
-0.066464
-0.241268
-0.093524
0.361990
1.467142
3.768090
0.710107
2.281838
2.964927
0.180208
0.223479
-1.169534
2.513456
-0.609126
-1.271333
-0.215766
-2.039191
-0.758410
3.494029
0.625839
0.069308
3.638882
-0.060209
3.310137
0.975226
-1.730544
-0.070089
3.437679
3.543190
-0.272748
-2.769963
2.010931
-0.327638
3.653208
-1.950471
-0.762934
-1.634346
-1.153096
3.680458
0.465538
1.474126
-0.370920
-0.831531
0.946889
3.005695
-1.906597
2.301619
-0.132380
-2.773682
-0.526719
0.424225
0.719614
1.253928
-0.642708
-1.693545
1.711800
-1.714919
2.255701
0.208541
1.377822
2.544373
2.453948
-0.359283
-2.722366
2.068624
-2.511501
-2.928475
0.196190
-0.476063
2.370786
2.102124
3.739772
1.168485
0.557538
-1.606987
2.580568
-1.354965
-1.849632
-2.293470
-1.749554
0.659232
-2.732454
3.602650
-0.378452
1.848352
-0.570467
1.558243
3.799348
0.370020
-1.207388
3.603746
2.790775
-2.410350
-1.652438
-0.355731
-1.603106
-2.881541
0.470227
-0.549352
3.527417
-2.076655
-1.023966
1.198451
-0.641800
1.534673
-0.711017
-2.482032
0.864647
-2.564970
-0.316190
-0.059597
1.956153
-0.612689
-1.108269
-2.955288
-0.014984
3.274771
3.067829
2.459509
3.258091
1.201218
3.070418
-2.125697
2.712806
1.636631
3.564390
-0.528671
0.024976
-1.553686
3.345034
3.776448
-2.761191
2.260396
-1.585801
-1.177540
1.185341
-1.108790
-0.232172
-1.526907
1.887295
2.075295
1.736933
1.911717
3.923558
2.940171
2.575368
3.236559
0.446177
-2.831557
-2.970343
-1.965793
-1.228343
2.145041
0.237278
-2.894755
-2.089205
2.728996
-2.350811
-2.675643
-2.402179
0.577521
-1.843239
0.137928
0.427322
2.319928
-0.416202
-0.333672
-1.286252
3.846948
3.079083
3.156377
1.294361
0.877857
2.465952
1.969848
1.375622
1.484077
1.947160
-2.170468
0.214116
0.110673
3.961934
0.714188
1.237816
1.712913
1.940285
1.139448
0.359342
2.089425
2.195956
1.643092
2.895817
-0.505826
1.235539
2.156119
-2.556798
-1.662388
1.954597
2.998994
2.354281
0.676018
1.506763
-2.085551
1.603647
-2.111533
-0.491202
3.010164
-0.028098
2.975952
-0.310172
0.702183
2.119041
-1.763014
3.982692
-1.324597
3.587476
1.343642
-0.171522
2.266471
0.763320
1.925666
-2.809902
-2.991813
-2.902204
2.657358
0.223079
1.221674
-1.220373
-0.766871
2.493793
-1.777166
-2.696380
1.386585
2.721931
-1.536919
-1.810068
2.574365
-1.717703
3.475207
2.087722
-0.099940
-1.067239
0.175082
-2.821206
-0.777936
-0.388928
2.575337
3.803521
3.940339
2.045752
-0.044126
-2.631275
-2.638882
-0.639822
-0.356640
3.184530
1.403029
-2.693825
2.504422
-1.024273
2.247342
3.928154
2.949600
0.911184
1.892173
-2.249890
2.693875
-2.120490
-2.099627
0.167400
-1.071078
-0.833288
2.937928
2.894387
-2.203893
1.471101
-0.559504
1.945140
0.370945
3.707065
-2.479278
-2.973274
-0.600842
-2.176262
-2.838638
-1.035716
-0.062640
0.472860
0.527185
2.589094
1.320220
-1.009807
1.208938
-1.185529
3.719345
2.396288
-2.600708
1.425080
0.012533
-1.972146
3.497173
-0.717858
-1.275205
2.277415
2.447467
0.094436
1.982265
-1.854017
-1.219356
0.916696
-0.032702
0.765949
0.005908
-1.711072
-0.562452
-2.358116
0.412029
3.135475
-1.487152
1.932080
2.664035
-1.045290
0.866068
2.019305
0.971330
1.092444
-1.052011
3.547001
-0.919267
0.819196
-0.544194
-2.220493
-1.362749
0.108472
1.812499
1.361986
3.230970
3.754826
3.905780
-2.177908
2.231226
3.753485
3.412365
0.739139
3.439432
-2.331546
2.129989
-2.286505
3.708664
-2.295254
-1.869986
3.011292
1.622553
-0.744072
2.879818
2.246573
0.518601
-1.076935
0.486270
-1.311135
-1.790486
3.187654
-1.000035
1.700092
1.990684
-0.268106
2.562356
-1.850506
3.106230
0.886594
3.702036
-1.858880
2.470764
-0.194593
3.104290
-0.877612
3.079663
2.675073
1.861365
0.148635
-2.696659
-0.421286
-2.466994
1.177943
0.386625
3.357665
1.121599
-2.155561
2.797952
0.989387
0.486018
0.649958
3.217438
-2.594807
-0.969514
2.948945
-0.088753
-0.548580
-1.620667
-0.639914
1.419646
0.440874
0.894803
2.979424
-0.981104
0.375380
-1.036339
-2.516906
2.453165
2.186042
0.619279
-0.051706
-0.411969
3.027215
-1.194180
2.624436
3.332314
2.973364
2.461147
-0.929042
2.411321
-1.933861
-2.684591
-2.671186
-1.637989
-0.597029
0.734202
2.254584
0.022165
2.446692
2.795748
-2.011844
-1.467641
2.277748
-2.628883
-1.681432
3.165509
3.961812
-2.383285
-1.091505
-1.505833
-0.418069
0.549680
2.931186
-0.834172
2.589518
0.463138
1.069056
0.944422
-2.307301
3.506098
0.844856
2.443910
1.327424
-2.661174
-1.984853
3.827769
-1.931702
-0.283215
-2.034231
2.081563
-0.409893
3.089241
-0.831606
-0.808094
-0.295386
2.823513
-2.642659
2.765260
-0.138562
1.131634
-1.805401
3.027778
-0.094311
-0.757613
3.537134
2.866949
1.825623
3.194310
-1.489316
-2.557322
3.892303
3.999469
1.520091
2.730646
1.797184
-1.091858
-0.053701
3.444317
-0.320414
1.611582
-2.659108
-0.806877
2.631980
2.368127
2.297734
-1.735930
3.488786
-2.867549
-2.721383
0.457485
3.118742
1.030787
3.800886
2.161576
3.204618
1.083675
-0.252998
-2.897041
1.594499
-1.569557
3.323329
-1.097397
0.373578
0.151870
0.766468
0.815809
-2.272523
-1.373662
0.320541
-0.559086
-0.979419
0.919173
1.707880
0.235169
1.448190
3.604281
1.174453
3.015337
1.477881
0.569894
-1.129817
-2.115640
-1.222038
3.244231
3.263276
2.447452
-2.769199
-0.265119
0.840303
-2.709675
2.557120
-2.055735
-0.202027
1.515985
1.036545
-1.943962
3.982205
0.868239
3.167294
-0.677788
-0.045342
3.731786
-0.799920
1.625168
-2.513327
-0.811893
3.714969
2.710937
3.147459
3.137301
-0.124176
-2.798494
0.977702
-1.233053
3.526355
-0.950580
0.807598
0.939557
0.985067
1.837460
-2.714876
1.711446
1.490451
0.187527
0.509167
2.213616
1.492825
-1.003345
3.460586
-0.368629
-1.074363
-1.976103
0.085370
3.777030
2.239594
1.309285
-0.260677
2.497618
-1.731780
-1.932823
2.310604
1.421405
1.144740
2.185321
2.418751
2.869973
-1.154348
2.472203
2.001168
3.682698
1.761255
0.706074
1.547529
2.632510
-2.707866
-1.886910
2.637221
1.052099
1.603063
2.459584
-0.883010
0.645852
0.228246
2.325148
-0.719689
0.465951
-0.795373
1.027049
-0.473420
-0.840673
-2.815641
2.191824
3.684008
-1.186681
1.404849
-2.876894
2.430933
2.265129
1.814417
-0.102349
2.398477
-0.087896
0.748643
3.065677
-2.190930
1.329119
-0.050853
-2.340883
1.987535
3.738249
-2.582568
-2.368918
1.003538
-1.667573
1.483921
1.757072
-0.766628
1.146268
0.352227
3.607493
2.548891
-2.956534
2.114406
1.685989
2.365154
0.438190
-0.879488
1.723355
2.840057
3.249742
2.983245
-0.124235
1.304708
-2.496620
0.502074
1.513287
2.630890
0.328895
1.813873
-2.287883
1.222034
3.482993
1.843726
1.666241
-2.457894
1.663843
-0.314733
3.321830
2.905023
1.178610
1.807942
3.499420
3.080773
3.715921
-0.559569
-1.901010
-1.403996
-1.505908
1.881635
3.560760
0.179033
-0.193356
-2.241243
1.517570
3.224374
2.427001
3.844518
3.807815
-2.559085
-0.708901
2.139915
3.589685
0.792288
0.771100
2.605403
2.050391
0.879474
1.012155
3.559893
-0.851524
-2.242783
-0.668305
1.573325
-0.197582
1.825212
-2.221863
2.328754
-2.494351
-2.763576
3.209288
1.233683
-2.830376
1.743000
-1.131006
-1.220875
0.520630
3.211949
2.969548
3.001059
-1.657083
3.783886
1.451492
-2.429973
2.626533
-1.711492
-1.239444
-2.777977
-0.859703
-0.132544
3.481852
-1.236397
0.928714
-2.072925
3.779608
1.321866
3.201321
3.828068
-2.162161
-0.400623
-1.017805
2.740860
-1.398574
-2.339038
2.484693
2.598644
1.993034
-1.507134
-1.159467
-1.844244
-0.593269
2.234177
1.953408
1.391894
1.566113
-1.698113
-2.543810
-1.347855
-0.552719
-0.815507
-1.198603
-2.459365
-0.732882
-0.630120
1.554568
2.810600
-1.923636
-0.450733
3.059649
-0.585480
1.629382
2.531238
-1.075957
1.877667
2.008824
0.564973
-2.466066
-1.047209
-2.307576
3.451359
-2.571360
2.887888
0.005414
2.639759
-2.067014
3.991529
-0.849320
-1.473262
3.554801
-1.101105
2.100581
3.776641
2.533096
1.237590
3.744884
0.400559
3.930307
-0.698152
0.633360
1.583447
1.873148
0.500065
-1.058634
2.488178
2.202257
-2.188886
0.460338
3.379617
2.007407
-0.851210
2.165175
1.170537
1.337320
3.136465
0.275430
0.433440
1.266723
1.563828
-1.463429
-0.552742
-2.978822
-0.401587
-1.200345
-1.401495
2.191694
2.769211
-0.355032
1.438656
-1.646088
1.103172
3.347044
-0.188596
-0.464246
0.668018
-1.294366
-1.259396
-1.247034
3.373698
3.507543
3.636133
3.338572
2.255985
-2.266221
0.219329
1.341551
-0.159853
1.277176
3.990102
0.223822
0.217825
1.274489
0.410332
-2.548352
2.999471
-1.977092
0.178396
-2.654680
-1.275561
3.103164
1.107643
-2.972957
3.806549
-1.542436
1.865891
-1.726313
-1.238516
1.879195
-1.048793
2.449593
3.347930
-0.515274
0.496857
2.530398
-2.921035
1.657828
2.945911
2.153848
-1.668853
-2.227289
-0.346331
-1.362979
-0.846840
-2.136266
1.884858
0.315849
0.607512
3.678155
2.794098
-2.412177
0.401327
-1.655480
0.888254
3.786491
0.108751
2.801869
-1.407676
-0.680434
-0.223958
0.801887
1.496868
-0.577386
0.880265
-1.104948
-0.528631
2.230248
-1.125133
1.172215
-2.210000
-1.686986
1.174778
3.570221
-2.232725
-2.290861
1.399703
-2.867244
-1.928758
0.151532
0.231735
-2.001406
-1.019516
-1.061979
0.995810
-0.274192
-0.748742
3.247531
1.409374
3.973773
3.862333
-2.313641
1.805079
-2.638695
-0.981546
-0.667233
1.745151
1.488231
3.298250
-2.244107
3.987772
3.637650
-0.549093
0.415586
2.824072
-0.236789
-1.468689
0.292750
3.621669
1.061708
1.890970
0.830984
2.781590
1.382624
3.811721
2.401741
2.301607
0.432957
0.890234
2.037646
2.744511
-0.279830
1.752592
-1.282810
3.806146
1.122653
-2.824918
-2.810794
-2.238320
-1.925126
-0.064418
0.976512
2.555647
1.446128
-2.108876
-2.745445
-1.309695
-0.482316
-1.867578
2.938683
0.444510
3.191530
3.597732
0.149948
1.368771
0.951416
-2.967330
2.561816
0.077296
-1.866764
1.417197
1.114835
-1.479775
1.503776
3.471826
-1.895646
3.313588
3.904263
3.709202
-2.057825
2.028678
-0.397451
1.395099
-0.195566
2.311445
0.700493
-1.655514
3.960184
-2.433530
-1.811399
-0.908353
-0.038934
-1.692626
0.180922
3.556394
0.118825
1.392323
0.475670
-1.019164
-0.244153
-2.409265
-2.099769
-0.106038
2.529278
0.740082
3.049736
1.828523
-0.185628
2.128131
-0.099920
-2.661347
2.998299
2.312932
-0.514767
-0.853604
-2.536555
1.495924
1.074412
2.985004
1.483014
3.031011
0.279235
-1.023914
2.930294
-0.589136
1.291482
3.301215
-2.688846
-1.626972
0.461187
1.639344
2.447463
2.009002
-0.541127
-1.266885
3.412590
3.777710
-2.339270
3.436084
-2.228748
-2.608914
-2.560647
1.438509
0.099685
0.386856
1.374402
-1.542025
3.199760
1.192029
-0.279102
2.271040
-2.122582
1.984610
1.758733
3.576062
2.436091
0.052643
-0.315204
3.094726
-1.408060
1.808459
0.721231
-2.786439
-2.572455
1.228848
0.199446
2.691629
-2.351621
0.239291
2.675250
-2.267376
2.567515
-0.361130
2.356412
0.426109
1.207575
-0.072549
-2.380773
0.440850
0.042114
-2.766658
1.419166
0.771684
-2.814161
-1.608650
3.134767
1.022264
0.204277
0.359174
-2.654409
-1.134936
3.821616
-0.828351
2.893889
-1.069350
-2.911518
2.843743
3.608679
1.722403
2.424834
1.690726
0.774927
-0.217062
1.531308
-2.866140
2.406374
1.196320
-2.181161
3.494112
3.984088
0.110188
1.629531
-0.461340
2.032356
2.375004
-2.048383
-0.228540
2.353563
1.907125
-1.078912
0.072792
-0.560836
0.990531
-0.339583
1.418078
3.329438
0.064715
-0.138537
2.339970
2.647205
-0.460788
-0.396430
-0.168581
-0.792096
0.637337
-2.689090
-1.040395
1.689466
0.035223
-0.347831
-2.644108
-1.737921
2.572523
1.700293
-1.637421
2.790270
1.919697
3.575039
-1.642008
-2.758027
-1.152117
-1.241485
0.306712
0.526564
-0.712128
0.469940
-2.691508
1.901072
-1.792530
2.366231
3.013191
2.221793
-1.146730
-0.084946
0.871137
-0.736874
-2.619173
0.662757
1.819681
-1.034707
2.844912
3.833891
-0.921138
0.931672
2.477331
-0.759422
-2.496589
-1.225719
-1.271026
0.682539
0.892071
2.047027
-0.452380
-1.331924
2.195459
-2.633902
1.822805
3.028841
-1.122714
-2.595693
2.703154
-1.132363
0.843391
-2.564326
3.870537
-1.618751
-0.609871
-1.899828
1.684350
1.394017
-1.751596
-2.321664
-1.065046
-2.360001
0.593943
-0.920424
-0.341224
1.191280
2.831852
-1.882094
2.692619
-0.002703
1.437227
0.620914
0.974984
-1.806616
0.572544
-1.480508
-2.659465
2.445229
-2.132750
3.858309
3.953373
-0.564628
-2.992238
3.866363
-0.704067
1.379049
-1.412238
1.452287
3.362602
2.770636
1.747124
1.791969
2.105637
3.577182
-2.049004
-2.944344
3.900804
2.803568
-1.915565
-0.763957
-0.429026
0.750931
1.466796
2.234997
-1.665909
3.148998
-0.066215
2.911798
3.208892
-0.310968
-0.514055
3.501990
-1.399352
1.248125
2.273398
-2.293603
-2.584195
2.207872
-1.629832
2.411239
-0.904174
3.554084
2.069515
-0.953652
-1.012926
3.636870
-1.931562
1.076469
-0.890715
-2.126233
-2.458186
2.303027
-2.300590
-2.236687
-1.210081
2.601315
3.373660
3.761465
3.402738
0.130346
-2.873645
2.173100
-1.059164
-1.922371
3.811540
1.301700
-0.874094
3.264518
3.293196
-1.015770
0.026774
-0.433747
-1.142139
-0.990805
0.356052
-0.443764
1.665966
1.439063
2.975509
1.022032
0.544312
2.848763
-0.331702
3.743134
3.731925
1.254610
3.001430
3.500362
-0.525398
-0.307398
0.172681
0.627590
0.989969
-0.415839
-1.252892
3.334154
-2.039784
-2.453798
2.005989
-1.088760
3.889752
0.024097
3.165209
0.997561
-2.900567
2.901585
3.410435
3.431174
0.696899
2.227828
1.930565
0.654130
2.809192
-0.683662
1.219046
0.131810
1.892023
-2.960434
-0.020270
-0.475168
2.174121
3.086216
0.339408
1.342101
-2.674363
3.272925
-2.147272
1.160830
0.153624
2.977886
-0.724390
2.536463
-0.290109
2.638775
-0.938566
-0.933103
3.448799
-1.219979
0.965399
-0.205570
0.515851
3.988877
3.455793
-1.735256
-0.240802
-0.470916
-1.323126
-2.542453
-0.548721
0.243831
0.453668
2.175948
-1.776624
0.678067
-0.685548
1.591126
-1.684328
-1.034111
1.559157
-2.741244
2.960260
-1.208390
2.976066
3.102751
1.487731
0.738113
-1.051706
1.931962
3.338700
1.092592
0.754003
-0.084260
-0.957418
0.964674
-0.050467
1.121207
3.265706
1.374603
1.682838
3.557346
2.815712
-0.943027
-2.873430
-1.469266
-1.086691
1.847002
1.559194
-0.168506
-2.729919
-1.539412
1.257283
-2.772437
2.705943
0.952891
1.500420
1.240751
2.594623
0.900425
2.794081
-2.862518
1.619579
-0.341311
-2.701868
1.824248
-1.305870
0.071983
0.940187
-2.347279
2.819687
2.175177
-1.186570
2.162533
2.888322
2.854161
-2.563518
-0.524310
-2.522048
1.122797
3.860303
-2.999654
1.205287
-2.926225
2.007625
-2.073099
-1.987776
-0.992315
3.243507
0.559780
-1.849247
-2.674234
3.269140
1.497631
-1.720529
1.546787
-1.096611
3.032031
-2.691627
2.852749
3.957057
1.675850
3.266667
0.154216
-1.173686
-0.377308
-1.569403
3.789587
2.923950
-2.418054
3.050275
-0.914790
1.626673
-0.175908
-1.132714
-2.714187
-1.225732
-1.062160
-0.179039
1.588620
3.302114
1.510467
0.899742
2.168571
3.347797
0.580827
2.677488
-2.067997
0.161875
1.415677
2.948668
-1.723509
-2.751395
2.282550
-0.341418
0.509603
-1.744096
3.799744
0.890170
2.259324
2.089288
1.454881
1.260902
-0.843884
2.980449
-0.020004
3.719968
-0.770742
3.700973
-1.253570
0.427847
-0.275194
-0.334885
-0.309566
2.115681
0.563313
3.593073
2.151202
1.373601
-0.317813
2.253488
-0.403786
-1.346807
-2.740100
-1.697323
3.780087
3.483726
-1.808755
3.227861
-1.032132
-2.103498
2.009612
2.413280
-1.208458
-2.636293
-2.881346
2.837057
-2.870535
3.219402
-1.629716
-0.784441
-1.759377
-1.302292
-1.728439
1.690715
-2.598644
0.148225
-2.443312
1.116694
1.976954
-0.307203
1.875991
3.352273
-2.755001
-0.362632
2.651608
-0.020527
-0.344336
-0.733756
0.902403
0.819813
-2.453826
2.793477
2.487026
-1.236819
-1.665785
3.509604
-0.672038
-0.718002
3.078876
0.987247
-2.029610
-1.184346
0.204685
-0.748926
-0.319596
-2.602530
0.057194
-0.216136
1.973238
0.581563
-2.889660
-0.553593
0.445307
-2.862397
3.858639
3.920677
0.941061
3.768982
-2.338594
-0.813549
3.507942
-0.076273
-2.336709
-1.249838
-2.075549
-0.715064
3.521329
1.244454
-1.121326
1.484308
0.594495
-1.130787
2.358606
-0.153607
3.536105
-0.309837
0.929499
-0.458555
1.149843
2.045423
-0.023212
3.658687
-2.580904
2.207453
-1.407315
-0.145523
-2.740061
-0.974108
-2.028069
2.760674
0.846554
2.100258
-1.828692
1.200368
-2.422838
-2.933965
0.634970
-2.559813
-0.750553
-0.364688
-0.873499
1.312319
-1.765381
3.921356
0.417210
2.412545
-1.674323
0.143031
1.253616
-2.369879
1.894556
2.093822
2.461053
-0.919300
-1.081595
3.229983
2.766735
3.004056
1.556005
-2.908345
3.459366
0.547815
3.563807
-2.210625
-1.685281
2.321071
0.781262
2.165673
1.510846
2.902337
-0.344514
1.842263
3.961118
0.232234
3.231164
-1.240992
-1.002394
2.677337
1.030595
-2.954924
0.572820
2.802962
2.295321
0.081631
-0.536384
2.033322
3.691553
3.386848
-0.608568
2.794957
1.373859
-2.836331
-1.378099
-0.822176
-0.303826
-2.548375
3.777174
0.857587
3.970827
1.089693
-1.003235
-2.754911
3.812418
0.989502
2.565337
0.604867
-1.707362
3.437510
-2.544130
3.468170
-1.323361
-2.167416
2.763478
-2.211528
-0.672064
0.808043
-0.713215
1.246326
-2.156943
3.428824
1.429866
-0.077569
3.696365
-2.475083
1.275982
2.800992
-0.384041
-2.002077
3.151545
-2.002652
-1.757096
0.506972
-1.762807
-0.922622
-0.385389
-0.981184
1.649351
-2.404258
-2.451539
1.738876
-2.533662
-2.702789
1.768879
1.225956
2.978748
2.758368
3.817280
-2.452432
0.646899
2.492785
2.183747
-2.910224
-1.744640
-1.770652
0.756427
0.006726
0.730466
0.612598
3.852982
-0.779067
-1.953841
3.760640
2.950470
2.366185
1.447088
3.693266
-2.772245
-1.573491
-2.222224
-1.735199
-1.735728
0.526562
1.692453
-2.655237
-1.540745
1.690377
-1.506148
-2.330502
1.168056
2.433888
-0.902761
-2.941247
0.472527
1.155059
1.982399
-0.539948
-2.351933
0.229896
0.202891
-2.632164
2.179548
2.538733
-2.938446
2.635691
3.038184
2.883090
-1.537144
0.903427
-2.624044
-0.792571
1.073160
-0.931402
0.112788
-1.772880
-1.074416
1.432897
0.300793
-0.943234
-2.413416
-0.534755
-2.740378
0.298001
0.853930
0.832350
0.263314
-0.279594
0.215295
3.318696
-1.503971
3.284276
2.936627
2.565797
2.383089
-2.335092
-2.105227
1.597681
0.257208
3.545959
2.506437
1.147901
-0.475184
3.885989
1.056469
2.116997
-2.732669
-1.177742
-1.540048
2.892354
0.347729
-1.314675
-2.236013
1.220543
-0.543484
3.374079
2.095592
3.472296
-0.519508
-0.926966
-0.990027
1.107728
2.593888
0.623378
-0.706284
0.499525
2.034099
1.625307
1.435173
-0.585777
2.063551
0.776745
-1.481923
-2.373937
3.612655
-1.571342
0.381440
2.943582
1.238481
2.011368
1.931710
1.864490
1.486710
3.732208
-2.497185
2.854674
-1.753137
1.865143
1.122997
0.949676
2.282840
-2.239233
-1.706491
-0.775512
-0.595648
-2.135534
-2.101109
0.669152
-0.095650
2.940047
1.095340
-2.305621
1.565484
-0.789845
1.082321
3.429168
-0.468670
-2.772014
3.886420
-1.854311
-1.332310
3.097120
-1.344890
0.794482
3.572046
1.081105
3.872532
3.719638
3.928868
3.614414
-1.541237
-1.193022
-0.935823
1.589573
-2.962449
1.753756
3.748422
2.245008
-0.239093
-1.677661
-1.137649
0.530733
1.628788
2.090796
-0.574726
0.688256
-1.271046
-1.042011
-1.820389
2.956494
0.863507
-2.083303
2.083158
2.195892
1.653909
-1.472411
0.621478
3.157444
0.790756
-0.554078
-0.636868
-1.887554
0.552413
-2.277399
0.029990
2.044663
-2.755852
0.523515
2.769802
3.276267
3.759454
-2.988194
2.517171
-1.792830
-2.357841
2.127820
0.909969
0.141651
2.942827
-0.588776
-2.269601
-0.947580
-0.967131
2.972640
0.972809
-1.516058
-2.671344
2.848147
2.596511
0.162856
1.105193
1.716009
-1.605561
-2.038182
1.607941
-0.932767
-0.845417
-1.676373
-0.015799
3.020641
-1.915588
-2.532086
2.281194
-1.575124
-0.767783
1.816781
3.969911
0.429300
0.881543
1.953180
-0.223197
-2.422109
2.775530
-1.369730
-2.830039
-1.409225
-1.373144
-1.505743
1.069181
-2.767474
-0.721269
-2.263891
-2.586067
0.590024
-0.187922
2.892803
1.853908
0.919551
-0.476651
1.994194
1.864526
0.115894
0.508968
2.742930
0.375133
-2.724548
1.459317
3.438479
3.654947
1.035913
-2.226775
3.404680
3.584064
-0.623633
1.533076
-1.353211
1.981000
-1.172460
-2.457515
1.344728
3.388045
-1.936339
-1.934683
3.269234
-1.446657
0.498174
0.725563
2.093942
-1.982629
0.004942
0.877199
2.932336
-1.905393
-2.884317
-2.425151
1.351196
-1.442683
0.787962
-1.406613
-1.858207
-0.478921
0.876903
0.115407
3.472237
-2.180801
-0.754622
2.221570
0.767078
-1.459651
-2.357660
-1.164453
-0.669046
2.598793
-1.048105
2.667818
0.118110
-0.356918
2.422109
-2.671561
-2.467624
1.970350
-2.189366
0.081966
-1.809396
-1.191955
1.080675
1.606964
0.234564
-1.008309
-2.803282
-2.224380
-2.017374
2.285010
0.670050
2.881616
2.322171
0.332635
3.277738
3.060201
2.050129
1.909620
-1.628013
-0.336480
1.476270
3.915660
-2.279034
-2.679892
2.530298
1.898447
2.985592
2.439538
-0.034915
-0.839139
3.463140
-2.713686
1.535107
-2.859203
3.992522
-2.628672
0.757764
3.976437
0.573382
1.600805
0.773647
3.217681
-2.275395
0.910724
3.252264
1.806912
-0.122910
1.036650
0.274277
0.678852
-0.939854
3.979104
1.557806
-0.259586
-2.967922
2.146401
-0.693938
0.014346
-2.619944
1.840020
-2.129129
-0.228526
-1.490055
-0.160348
0.863041
-0.829916
3.763505
2.944084
3.725648
3.655919
-1.986660
1.061423
0.608886
0.946258
3.884602
-1.760014
-2.657372
3.852500
-2.825624
-0.348956
-2.152415
-0.443335
-2.188996
-1.840784
1.732263
3.305728
-0.404040
-1.057098
1.543302
-1.559677
-1.875002
-0.526183
2.422264
-1.035578
2.983153
3.032963
-1.634458
-0.766517
3.586946
-2.791410
0.401435
-1.816283
1.153615
2.640161
2.538161
-1.471336
1.112741
1.889304
2.976829
1.659970
1.446035
0.859358
-2.635430
-1.851782
1.894918
3.436872
2.801557
0.728207
3.981075
3.105576
3.515438
0.605881
3.512622
-0.877765
-0.665993
1.847169
-1.309656
-0.018863
-1.187431
0.384921
-1.986381
2.771755
2.035702
-1.910062
1.174011
-1.962031
-1.664365
-1.264051
-1.532514
2.636728
-0.750834
-1.030635
0.363299
1.854059
0.118788
3.542925
2.725731
2.600303
-1.260156
2.486098
-1.736172
3.189605
3.513442
0.042426
0.041012
3.647491
-2.638465
0.930398
2.039686
-0.708792
-0.437934
2.806252
3.052137
1.290422
3.023073
3.924586
-1.003910
0.635729
0.407671
-0.305252
2.922601
2.068948
1.382342
-2.643483
0.316380
-1.685346
-2.145669
3.359997
3.692607
-0.437537
-1.581581
-1.512897
0.633038
1.663136
0.962537
-2.911320
-2.678823
-0.384322
3.104340
1.841830
-2.365526
-1.285216
0.163100
-0.389240
2.230713
-1.360987
2.094244
3.544930
2.606039
1.222555
3.516336
-0.585680
2.732584
1.365260
-0.655369
-2.967429
1.742773
1.772224
-1.831403
-0.527554
-2.966343
2.139595
2.829381
2.679162
2.471610
1.059062
-2.222958
0.732945
1.403009
-1.113547
0.286419
-1.300620
-0.354922
0.398039
2.739550
-1.455402
1.618712
2.605158
2.653859
-2.644713
-0.217515
0.685680
-1.370395
2.906128
-0.631052
1.197307
1.673303
1.289484
1.502296
-0.376196
-1.776932
3.891368
0.805964
-0.541702
-0.678312
2.934462
3.590693
-2.309508
-2.849500
1.105534
3.404840
0.210331
-1.051304
2.268147
2.691997
2.712973
3.699814
-2.163965
-0.759675
-1.225955
3.015602
0.368230
-0.783699
0.563618
-0.177755
0.018077
1.367916
-2.426786
3.872439
1.587344
-0.986951
-2.159656
3.499587
-0.214749
0.132885
-0.283690
-1.041300
-1.271258
-1.525274
3.460322
1.334977
3.303898
-0.601018
3.188141
-2.013075
-0.207911
0.724581
-1.509503
0.569356
2.085984
-0.292286
3.413377
-2.823215
-2.863183
1.771043
-2.911253
-1.078754
2.035094
3.453694
0.484665
3.955803
1.436505
-2.660194
-0.467126
1.785612
3.375818
-2.988166
-0.632926
1.246696
0.219551
2.874857
-1.229216
-0.582682
2.201260
3.864224
-2.489311
1.608760
-1.428680
-1.172216
3.603402
1.559320
-1.846175
-0.396229
2.376713
0.226971
-2.280750
-0.691121
0.271960
0.014633
-2.597292
-0.662748
1.183371
3.825532
3.670973
-0.316984
-0.757810
2.472254
-2.699558
-2.347446
-2.955443
-1.343829
-0.664194
3.391621
2.169611
0.415641
-0.106592
0.563554
2.168231
-2.443811
0.685770
0.472905
-0.139328
0.315075
0.477419
-2.214821
-2.067639
-1.465258
0.218179
-1.088501
-1.108962
0.851970
0.634012
3.515409
0.393203
-1.498030
-1.154211
1.056935
0.472886
1.773460
3.861447
-1.874200
3.368292
-0.979308
3.124669
1.970426
-1.212003
2.502881
-1.025589
-0.116904
-1.013281
-0.530150
-1.124287
3.342794
-0.781250
2.926066
-0.814918
-2.444666
0.226960
-0.393773
-0.496834
0.811486
1.914149
-0.319073
-1.506908
-2.456149
-0.059205
-2.234036
-1.387606
3.545345
-1.432565
-0.254985
-1.705960
2.985933
-2.401142
2.268634
1.114715
-0.075784
3.933461
1.070327
-0.879870
3.012253
-2.083012
-0.494821
-0.354405
1.853765
3.092955
2.476110
-2.651665
0.918587
-2.482769
1.824090
1.604364
-0.978100
3.234811
0.486917
-2.704586
-2.345544
-2.645935
0.102582
2.948165
-2.445438
-0.899665
-0.455069
0.281646
2.380026
1.476594
3.451441
2.475720
0.519822
3.098413
2.461863
0.434123
-2.953148
0.736135
-0.560995
-1.465220
-1.578637
3.931175
-0.384578
-0.502110
3.974038
1.131610
1.398955
-0.703828
-2.393134
3.532641
-2.231441
-1.315538
0.030304
0.025978
2.584895
-0.833342
3.099633
0.322946
3.851630
-0.563857
1.656122
3.581992
-2.671298
3.326755
-0.344536
-1.370405
-0.686465
-2.098130
-2.009800
1.506800
-2.151133
1.285852
3.179159
-2.233385
0.938193
-1.752553
3.214965
-1.259694
3.671737
1.886836
-2.224931
0.324877
-2.677103
-0.942062
1.819583
3.619023
-0.938798
0.129565
0.769171
2.408728
-0.239909
1.496857
-0.233002
0.072251
3.841022
-1.067023
-2.283424
-1.079669
-1.511874
2.313032
-0.703691
2.891980
3.442709
2.630409
-2.768559
2.477487
-0.043144
-0.666375
-2.850459
2.353508
-1.115776
-2.761861
-0.131582
3.670070
-1.230856
3.282434
0.068676
1.989278
-2.409307
-0.273717
-0.555722
-2.456434
-2.656334
-2.138582
3.936291
-1.203577
-0.544338
-2.347303
-2.120182
2.786087
-2.659271
0.096623
3.604472
-1.684152
2.394948
0.643023
-1.982310
3.640519
-2.170726
3.946225
3.199584
-2.694734
0.834170
-0.939472
1.997908
-0.630550
2.862981
3.204726
-0.341801
-2.004959
1.747950
-2.283758
2.239919
0.108480
2.894260
2.389598
-0.302027
0.465247
2.002825
-1.762649
-0.253878
-0.428008
-0.945562
-1.041992
-1.583801
-2.385096
1.933340
-1.198077
0.120903
-2.664491
-0.652146
3.163586
-0.031031
-1.140280
3.083587
2.738878
0.902096
-1.617959
-0.986248
-0.348419
2.282893
3.525351
-2.376334
-2.872070
-2.876918
-1.939520
-2.593877
1.351360
1.217513
-1.409938
3.245437
2.159726
-0.016223
0.517590
2.835768
-0.589678
-1.418001
-1.390179
2.873693
-0.826773
-1.229653
2.133754
2.371678
3.565164
2.788733
-0.449340
3.429338
3.710801
2.535647
-2.500644
1.434882
0.314598
-0.534254
1.523530
-1.284426
2.161335
-2.710351
-0.970751
-2.060683
2.088417
2.922511
-2.001106
3.512684
3.959861
-2.683723
3.642066
1.377363
-2.442438
0.670656
2.374557
0.137772
1.846157
-1.880521
-0.075487
-0.209176
1.226130
2.179604
3.687094
3.080912
1.984295
1.747791
-2.290020
1.628666
-0.048726
0.546073
3.228687
-1.740622
0.133489
1.774127
-1.397359
1.938295
1.483724
-1.107609
-0.902107
1.211133
3.886591
-2.621076
2.571791
-2.655758
-2.612777
-1.715620
0.753206
-1.709741
2.442131
-2.453277
1.423111
2.072911
1.939984
3.480935
3.776366
3.317854
0.464613
-2.350038
-0.813348
0.110574
0.128884
-0.045381
3.592112
-1.630264
3.391192
1.479465
-1.933338
-0.943787
3.917294
-0.976237
0.673267
1.624113
0.155123
-2.715615
2.581332
2.052138
-2.605175
2.108540
-0.694099
1.304763
0.407867
-0.795219
1.572683
-0.949297
-2.884519
-1.517398
1.981304
3.819925
0.601423
-1.109425
-2.583322
0.274850
-0.940554
0.954826
-2.794506
0.767745
0.887692
0.740294
0.115694
2.781451
-2.373742
1.755514
-1.098586
-1.594646
-0.505790
0.916318
2.463493
-1.320570
0.146158
2.927070
-1.821891
-0.554252
-1.231510
3.210521
2.147570
3.411351
-2.220203
-2.934515
-1.004775
-1.154267
-1.184428
-0.770340
0.206947
-0.272627
-2.145779
2.424153
2.886037
3.267951
-1.684870
0.224178
2.846624
1.901698
1.184863
-2.918896
-0.264633
2.203517
1.381084
3.161835
3.839213
2.982021
-0.045462
2.655463
1.222545
3.479380
3.884954
2.038074
0.087729
0.038548
-1.419016
-0.370100
-2.585822
-1.214150
-0.110511
-1.615031
3.655741
2.368060
-0.798542
1.642581
3.720069
3.580119
3.384163
-1.799435
2.918441
-0.090285
2.568113
3.595387
-0.364502
3.344410
2.818363
0.866370
-1.994235
2.168065
1.692573
3.810042
0.887826
-1.122992
-2.763934
3.498973
-2.113981
1.880630
-1.921314
-0.586569
-1.766239
3.231082
1.851612
1.538702
1.460514
-0.106545
3.549384
2.136337
-0.242762
0.058778
3.643850
0.216758
3.073802
2.805887
-0.678772
-0.952948
1.320416
0.662296
2.821825
-1.149695
3.956651
-0.934737
0.503469
-2.052611
-0.043591
-1.548982
-2.723057
3.434708
3.192380
2.470998
-2.495019
-0.557285
-0.634550
1.073095
1.229607
2.798057
1.763645
-2.106083
-2.941740
3.942965
3.525859
-0.602153
-0.396339
1.836890
3.071809
0.847674
1.875466
-0.058960
3.178087
-1.381797
-0.818864
1.104417
-0.269032
-1.200247
0.580563
1.935447
0.368057
2.110978
3.339965
2.321962
3.065928
0.049230
1.938259
-1.228818
0.370092
1.248518
-2.615161
-2.828679
1.811834
3.256003
3.432498
1.820299
-2.778380
0.529528
1.134633
-1.546539
1.116628
3.231557
-0.877326
1.592340
-1.711808
0.115694
3.408392
0.784141
-1.598300
3.784988
-1.507418
2.185043
1.847113
2.064123
1.510308
-0.751171
0.761903
2.755827
3.981214
-0.985551
0.906006
2.955017
1.128242
2.297463
-0.003503
3.372358
0.638827
-1.401545
-2.778569
3.713548
3.256525
-1.534961
1.847832
-1.258085
0.384053
0.770954
2.552841
-0.855159
-1.671057
0.611509
3.530814
-2.222019
1.509918
3.428945
-2.140533
1.053944
2.856377
3.963589
1.029233
0.240946
-1.986872
1.643352
0.517827
3.375311
-0.862173
-0.756242
3.277739
-1.257178
-1.404342
-0.890419
3.569645
0.998021
0.119073
3.266944
2.692337
0.586037
-1.621740
-1.164552
-2.240509
3.464582
-1.579784
0.485583
-1.779478
0.060868
0.436531
-0.622481
2.025744
-1.366003
-2.267019
-1.490154
1.135502
1.705112
-2.794587
-0.218033
2.325898
-1.874431
-0.040545
1.548715
0.632364
-2.314662
3.084981
-0.406149
-0.696201
1.426145
0.817327
0.307597
0.256407
3.810048
-2.480031
2.343478
3.378561
-2.013915
3.537288
3.789073
-1.095181
3.191260
3.482063
-0.475099
1.024147
2.253263
-2.476481
0.290327
-1.175749
3.668919
2.420938
0.054136
-2.804438
-1.734114
3.465234
2.308703
-2.655504
-2.220087
-1.539373
-2.716889
0.513457
-0.176923
-0.254514
-0.891993
3.217732
-2.477402
3.859732
-0.992523
2.726478
0.041690
-2.061406
0.959751
0.332127
-1.492938
-1.419613
1.645510
-2.418917
3.505439
-1.324540
-1.793714
2.389104
2.449605
2.042597
-0.626440
3.836997
0.918821
3.675244
2.254498
-1.078427
0.186902
-2.815380
0.954506
3.338202
-1.083745
3.570689
-0.061820
-1.286894
1.259857
-2.579132
0.561535
-1.279758
-2.944956
2.561752
0.783973
1.654069
-0.955859
-2.367768
3.870644
3.330972
0.663415
3.432894
-0.083462
-0.568093
-1.628290
-0.797513
-1.968386
-1.827611
3.415127
2.903078
3.928882
2.618106
3.950077
-0.249038
-0.724357
1.351252
-1.878684
-1.727712
3.688132
0.447458
-2.836187
2.645561
-2.583008
-1.043766
3.023945
3.765754
-0.393164
-2.391285
3.225241
-2.497742
3.734096
-0.636161
0.632053
3.455578
2.336220
0.989562
2.367565
-2.371958
3.681236
1.528069
1.395649
3.095442
1.376651
-1.904829
-1.571690
0.668730
-0.535589
1.044549
3.503517
-2.634282
3.175258
0.952917
-2.357366
0.837566
-2.055938
-0.513044
-1.265268
-0.356599
0.520000
-1.446377
1.541723
-0.102387
-0.968727
-0.067935
3.952993
-1.621615
0.063816
-1.435737
-0.408153
-0.280863
1.732351
1.843157
-1.780232
-1.816977
2.353725
3.609558
3.968293
0.190543
-0.285671
1.721929
-0.549212
-0.452030
-2.213778
2.668982
2.213612
1.883860
-0.596100
3.262954
1.673493
0.956315
-2.609464
3.857838
0.216488
2.521190
1.272239
0.911269
-2.059500
-2.013166
-2.032699
0.434949
-2.899916
-0.890985
-2.040609
-0.812867
1.467640
-2.827158
1.008179
2.663132
2.783495
-1.156438
2.555446
-0.558648
2.026189
-0.953303
2.668231
2.876702
1.799624
0.873307
-2.421017
1.740997
0.273070
-0.272043
-0.355866
0.875896
1.478916
-0.035407
0.490402
-0.863568
-2.928308
3.908560
-0.137280
3.273710
3.833217
3.919296
-2.385090
3.146586
-1.556398
0.452057
-1.746623
-0.939441
-0.490468
3.736436
1.007272
0.165077
3.245129
-1.187789
3.276484
-1.845798
1.108739
3.431058
3.753011
-2.015028
2.630491
-2.079949
-2.570913
-1.748684
-2.826199
-0.296964
-2.821747
-1.973035
3.888652
-0.201059
2.200978
1.521988
3.568470
2.942966
0.544529
-0.378022
0.381566
1.470049
-2.937214
0.832672
3.903348
-0.209469
-2.540716
-1.195227
-1.326472
-2.271402
3.162270
-2.016233
-1.278051
-0.565180
-0.961451
-2.419207
-1.708435
2.959661
3.025550
0.557218
-0.576722
-1.333837
0.317467
0.901111
3.890901
-2.632055
1.580113
0.974928
-0.931683
0.204024
3.797653
-0.285054
0.047557
-1.394333
2.820137
-2.702013
1.102771
-0.443684
-2.280787
-2.988520
2.611405
-1.332785
-1.755639
-1.694082
-0.216564
2.628181
0.486244
-1.964569
-2.715338
3.248488
0.946706
1.341381
-1.798799
-2.788186
-0.384632
1.592166
2.279202
-0.180936
0.966419
-1.573272
-2.165915
2.536182
-0.390714
1.849052
-1.715531
-1.403595
0.297958
3.261221
-2.231069
-1.445170
-0.387191
1.076551
1.167144
1.016755
-1.212442
-2.667910
-0.027026
-1.165274
1.484128
1.018917
-1.459958
0.319534
-0.511438
-1.597561
-0.814985
2.005309
2.595618
-1.971852
-1.648719
-1.110028
1.439432
-2.466869
3.031731
3.163209
-2.733211
-0.266723
-1.659894
-1.150472
2.015408
-1.725800
-2.447991
-0.744810
-2.159943
0.923563
-2.515457
2.414310
-0.061145
1.188102
3.491970
-2.791816
3.782463
0.732530
3.050139
1.976985
1.867429
-1.643962
3.275770
2.183867
2.180762
0.824843
1.667575
3.678839
2.244840
0.127075
2.220547
2.099370
2.017403
2.927624
2.925945
3.749051
3.019462
0.294402
-0.358257
-2.746815
0.256991
1.111918
-2.664170
-2.491029
-0.311124
-0.601802
2.306630
3.945797
0.278912
-2.729704
0.535486
3.057103
-0.742444
1.020660
3.868598
3.433341
2.671363
-0.514542
2.780204
1.972467
2.557669
3.687893
3.023041
-2.521059
1.913451
-0.499811
1.426899
3.963900
3.741959
3.709838
3.386121
0.109936
0.161654
-2.227580
-1.471943
-1.426669
-0.700801
3.567199
-2.464167
1.913380
-2.823737
3.600362
2.530947
3.680116
-0.740082
2.978255
-0.744814
2.954205
-2.685553
-2.077477
1.085075
2.914187
-1.819333
1.874958
1.240319
2.496797
-2.559290
2.623326
-2.938077
-2.962798
3.189495
0.978986
3.349175
0.741404
-2.251418
3.806673
-0.523568
-1.547462
2.753284
3.887279
-2.790781
3.840761
3.073898
-0.402842
-0.654272
3.915938
3.920135
3.453520
-1.370041
1.433508
0.803563
0.713175
3.846343
3.311050
1.675022
-0.576068
0.858594
-1.142705
-2.132572
-0.677206
0.396469
-0.262665
-1.630748
-2.355971
1.743525
1.242624
1.728450
-2.387404
1.139562
2.096724
2.487628
-1.579807
2.117697
-0.590801
0.775328
0.929126
-2.604089
2.474667
0.400973
3.066301
-1.282153
0.710169
-0.446348
1.952127
2.921980
-2.342423
-1.635139
2.151846
1.078596
2.255454
1.234035
2.897613
-0.804720
-2.780147
-2.816315
0.005826
3.013655
-2.749114
-2.479915
0.800396
1.080394
1.629841
-1.821931
2.443501
-1.251972
2.891136
-2.997947
2.076307
0.463416
-1.281927
-2.300476
-0.351745
-1.676497
0.221780
1.057465
1.581357
-2.184813
3.421959
2.820712
0.902891
2.171452
2.567657
-2.803730
2.896625
1.067767
-0.762689
3.508152
-2.203007
-0.407699
0.754287
1.951272
-2.700110
2.347704
-2.021616
1.728408
2.871869
-0.208250
-2.136858
2.601600
0.788075
3.217225
1.771598
-2.198334
3.758071
-1.982570
1.442780
2.479538
-2.094792
-1.162632
2.814742
2.601305
1.894997
0.896895
-0.173371
2.124101
-2.979783
-1.829072
-0.503899
0.095747
3.231703
2.148816
-2.213236
3.038528
1.827474
2.202052
-0.704849
-0.706728
1.486267
0.638775
1.321756
-2.895044
-2.851301
1.869055
0.705331
3.868097
-0.779391
0.684237
-1.980061
3.212187
0.931831
-2.110822
2.910865
-0.266335
3.419872
-1.977176
0.671376
0.145291
-1.380441
3.965813
3.122338
3.821598
2.126803
0.507139
3.620305
0.541967
-0.714063
2.129300
-2.414691
2.874527
3.461171
0.118822
-0.534097
3.903053
2.025857
-1.714641
-2.813417
1.210822
-0.897670
2.752679
2.169997
-0.417532
1.516567
2.962508
0.175642
0.790773
-0.809861
0.365418
3.602664
0.747866
-0.111472
-1.499921
-0.161645
1.589107
0.969896
3.938912
-1.051411
0.229455
2.454566
2.807012
1.516712
2.419384
0.760050
-1.221184
2.627260
-1.090903
-0.674904
-0.514764
-1.375024
1.430542
-1.121280
2.452683
2.653878
0.884123
3.726919
2.905978
3.156297
3.908085
-1.249977
3.301291
1.639541
-0.847621
1.532131
1.005373
3.591108
-0.927825
2.693063
-0.953493
-0.733883
3.238268
0.278183
-2.635345
0.112382
-0.592856
-2.433055
0.538417
1.383790
-2.697397
0.870578
-1.168556
-2.367152
-1.031627
2.576331
0.167123
-1.198633
2.482130
1.162043
-2.507019
2.388498
-0.214306
-0.594846
-0.781507
3.919246
0.770133
1.691294
3.417248
-1.857334
1.977031
0.929076
0.399223
-2.628553
-2.391641
-2.787433
2.954631
2.048222
1.383270
3.450682
2.677704
0.416295
3.584138
1.728998
0.740030
0.958743
0.846179
2.530435
0.842068
3.235830
1.217553
0.672649
-2.556051
3.278629
-0.851813
-1.696244
-1.828500
-2.467568
-2.122775
-0.952126
3.603530
-2.822481
3.913290
-1.037699
0.143060
-2.548751
-1.132266
0.891354
-2.502579
1.838444
2.395488
-0.380643
-2.428038
0.578201
0.632705
2.629345
-1.406884
-1.354197
3.064913
2.665781
2.715063
3.627733
-1.889034
-0.421380
0.963353
1.012449
3.966972
-2.782776
0.001262
3.559001
0.459620
2.631831
-2.278767
1.602412
-1.439071
2.986530
1.611038
2.788003
1.761871
1.100456
1.893715
-1.183488
-2.281513
3.488891
1.075440
0.776130
-2.397538
-2.935942
1.700606
-1.903565
1.136868
-1.434781
3.966199
2.670834
-1.907985
0.012844
-1.916875
-0.412492
1.329028
2.581224
-1.006926
2.867621
-1.638835
-1.864497
-2.052089
2.484780
0.011596
1.244808
0.733207
-2.358205
3.644009
-1.228825
2.213628
0.790964
1.629925
-2.332305
3.442552
0.965524
3.538218
3.946327
0.210864
