-2.574092
0.773711
-1.565160
-0.579404
1.457083
-1.589298
-2.549769
1.223917
-1.035801
-2.707054
-2.644465
2.197608
-1.821569
-0.464165
-2.964084
-2.347407
-2.839895
2.711481
-1.885242
-0.112283
2.594915
-1.885582
1.891739
-1.268722
0.968431
0.285607
0.297030
0.288458
1.117051
-2.412966
-1.134854
0.106515
1.245543
-0.122264
-2.543088
-2.424095
1.107543
-1.660107
1.868814
0.630377
3.653164
-1.774092
2.947738
-0.202330
3.705374
1.845381
-2.654214
0.191931
2.474266
-2.678530
2.312760
1.259692
1.994013
0.193152
3.548934
-0.356166
-0.127733
1.370923
2.120951
2.782346
0.699166
-1.373723
0.753471
1.479410
-1.353313
1.733415
-1.268897
-0.686072
1.760409
2.193176
-2.035855
2.134121
2.616227
3.942955
2.728529
3.391966
-2.756627
-2.751052
1.693951
0.103625
3.256158
1.374594
2.356575
2.061946
3.572168
-0.809473
-0.103106
0.403484
-2.727117
-1.772534
2.319860
3.815206
3.108771
3.890634
-0.371673
-0.624954
1.615185
-1.986445
0.920424
3.498572
0.255589
0.811608
0.953403
0.033368
-2.580942
0.035247
-0.609863
-0.115760
3.444763
-2.165942
-2.785527
-1.499155
-2.177405
-2.188412
-0.919985
-0.749154
3.131496
1.691745
-2.571449
2.039950
-0.839520
-0.888385
0.049231
2.055083
1.007262
2.810638
-1.884854
1.390513
-2.500904
-1.528766
0.117158
1.020432
1.017591
-1.614071
1.724818
0.327013
-1.887366
-1.228223
2.229397
-0.855654
-1.572880
-1.177443
-0.734442
3.920808
-0.446719
-0.140018
0.602793
-2.225874
-2.190212
-0.233912
-0.005659
3.472734
-1.225691
2.415313
1.355009
3.151176
3.027686
1.287949
1.070747
1.312895
1.823196
-0.169973
-1.235634
-0.083304
-1.301392
2.711959
-1.350582
2.641667
2.434766
3.912362
1.778103
3.722713
-0.803974
-1.832702
-0.405529
-1.424438
1.512692
-2.745625
-1.886059
1.885212
-1.194955
1.171162
1.645255
-2.506521
2.278499
-0.516230
-0.246206
3.396750
-0.492954
-2.790762
1.362951
-0.688735
0.225614
-0.982841
-2.906475
-2.417958
-2.472193
-2.242638
-0.357662
-0.343205
2.258816
-1.147010
-1.507151
0.874541
-2.605652
2.986441
2.165635
1.225328
0.372444
-1.360112
3.018222
-2.513100
-0.015378
3.711289
2.903982
1.505891
2.251918
2.743441
-2.076967
3.662876
0.802637
-0.256293
-0.081707
3.354246
3.744956
2.933760
-0.184469
0.149398
-0.446837
1.484416
-1.581020
-2.275972
-2.456163
-2.365303
3.707792
-1.832163
0.118432
3.639946
0.381225
-0.169492
1.991232
-0.508033
0.578362
-2.751189
1.481079
1.538594
-1.538485
-1.851592
-0.744016
-1.328045
-2.651228
3.766851
-2.609852
2.658741
3.827303
0.725560
3.711557
1.469190
-2.310158
-0.705140
-0.585086
-0.002759
1.931115
3.450824
1.243301
-0.717033
1.553862
3.681472
3.000814
3.831201
0.537403
-0.371942
-1.804697
0.114679
1.323222
-1.616825
-0.830719
-1.984369
3.712140
3.569212
0.547795
3.370716
-1.130280
-2.982464
0.711416
3.297346
3.042790
1.745421
-0.566816
2.761869
-0.876319
-1.413538
-1.545269
1.484476
2.018717
-0.972400
0.903025
-0.866365
3.229587
-0.124305
-1.273099
-1.855509
0.150474
-0.982960
1.851890
3.080754
0.807913
-1.336238
-1.830969
2.908491
1.110650
0.460085
2.212482
-2.673334
0.675686
-0.914031
3.441581
3.495471
3.015094
3.431875
-1.312960
-2.316425
-1.504102
3.456553
3.888943
2.295673
3.789797
3.441862
2.866689
3.639549
-1.206206
1.369318
3.391770
1.590081
-1.703512
-1.158301
2.115765
2.399726
3.379461
3.357743
-0.652780
-2.970547
2.124655
-2.176705
-2.257929
-0.520923
3.448125
1.725288
2.601799
-0.751976
-0.076604
0.713106
1.395931
3.581785
0.622128
-0.568542
-0.695288
-1.469531
1.992435
-1.350859
-0.539731
1.256543
3.662602
3.697018
1.066193
3.520205
1.300993
3.734936
3.511519
1.128551
-1.905627
3.064028
1.085374
3.889716
-2.397894
-0.130578
1.590732
3.514767
0.090372
-0.990870
1.412686
3.157166
-0.280912
-2.379238
0.241885
3.405824
-0.517736
2.117435
2.587403
-1.149014
2.119583
-0.448736
-2.197682
-1.150217
-2.523987
-1.283508
1.126919
0.497626
-2.908050
-2.482800
1.131411
-2.050300
-2.330901
2.354959
2.118007
3.349934
0.660606
0.786592
1.688504
1.796861
-0.557053
-1.671068
-0.487710
-0.445866
-1.855912
-1.540390
0.336178
-1.386086
0.615633
-2.503459
-0.031448
2.362299
-0.312042
-1.624221
0.981495
0.449588
0.980923
-1.483232
3.790177
2.600359
1.090407
-1.524725
-2.048429
0.222840
-0.924397
-0.322579
2.985410
0.667430
-0.654261
3.712353
-2.971495
-2.945263
-1.688953
-2.053074
0.289754
2.327451
-1.636045
-1.005219
2.064475
2.506186
-1.973145
2.407572
1.804165
0.602817
0.895474
-1.632091
2.600670
-0.696039
-2.766630
2.200178
3.114256
-1.953954
2.667339
-1.880600
-2.918462
2.760105
2.492511
-0.112431
2.991335
-2.448219
-2.167074
-2.723705
1.997842
-2.950192
-1.899242
-2.625924
-2.328241
3.163722
1.115867
0.343726
1.070673
0.608083
2.224213
2.726813
3.435446
-0.525585
3.692685
-0.743779
1.758731
-1.995524
2.789010
2.465884
-1.025346
-1.541910
-2.683399
1.103642
0.039114
1.776013
-2.095696
-1.365904
-1.626266
1.846237
3.256454
-1.853180
-2.674058
2.702786
0.257548
1.903675
-0.065891
-2.935658
2.221593
1.760425
0.387770
-2.945259
2.993186
-1.552533
2.886472
3.306627
2.577366
0.542142
3.394286
1.117370
-0.276131
2.633132
-2.911458
1.229810
1.558103
0.410907
-0.729028
0.140829
-1.517094
0.424258
-0.879859
2.319739
-0.387855
2.642210
-0.662254
0.211150
3.799490
2.058786
1.479462
-1.377217
-0.004648
3.601773
3.628675
-0.711433
1.757327
-1.678749
1.020878
1.984427
0.208639
-0.611520
-0.205451
1.266278
-1.593406
-0.410078
0.357266
-2.103067
-2.750759
2.830863
1.502460
-2.920906
3.499043
0.558814
1.126825
-0.181509
3.841270
2.178976
2.045819
-1.056747
-1.207584
1.271382
3.234511
-0.157013
0.080826
-1.043459
1.119121
-2.417976
-0.418625
-1.230500
0.072532
-2.673703
3.959408
-2.557569
3.124267
2.417946
-1.435452
3.330200
0.365621
0.978906
-1.955904
-0.534363
-0.447704
0.086003
0.327996
2.808407
0.772277
-0.660123
1.589328
-1.344479
-0.203338
2.995438
-1.259840
-2.979265
3.333341
2.495556
2.568796
-1.767508
-1.199153
-2.552905
0.379945
-0.128979
2.677354
-1.511355
-2.575905
0.629467
-0.126579
-0.018009
0.233945
1.160104
-2.944823
-1.465660
1.028829
3.898526
-0.559149
0.449227
-0.092700
1.914884
-1.630871
-2.233589
2.908440
-1.754446
-1.341401
1.045073
-1.456214
3.883076
1.411839
3.668056
2.939358
3.068376
-2.881986
2.465047
-2.129363
1.265667
2.889122
-0.752907
1.670118
1.994323
-0.879172
0.748948
-1.111759
-0.922345
1.484063
0.206324
1.463075
2.092625
2.253066
3.164657
3.654384
-0.317361
2.495701
2.317830
-0.362278
2.602770
-1.243216
1.067182
-1.147820
2.620778
-0.582756
2.767322
3.704056
1.033237
0.419592
-0.620132
0.070291
-0.252234
0.073863
-2.154610
-0.610105
0.583557
3.088906
-0.534461
3.627912
3.799680
0.914810
-1.364606
-2.410429
0.147611
1.776026
2.381502
-2.733678
-1.930083
-0.474202
-1.409154
1.129272
-2.776032
-1.175164
0.075423
2.631595
-2.363621
-0.337024
2.471755
-2.774582
3.301207
-1.809839
-1.809670
0.627481
-1.860304
1.078847
2.048271
1.222981
-2.037502
0.023822
-2.558391
-1.399813
1.722916
0.218894
0.357781
2.235949
2.132806
-2.673928
-0.637155
0.672288
-0.825680
-0.875166
-0.854452
0.227570
-1.848840
0.796472
1.581670
-0.295459
-2.654325
2.106674
3.287684
-1.668256
-2.238397
-1.339640
-0.815334
-0.241024
-2.999703
2.313570
0.958459
-0.693572
-2.120757
-1.523209
0.452901
3.553539
-0.542520
-1.629457
-0.314997
0.831272
-2.613703
1.992246
3.904057
3.033592
-0.127352
2.428266
3.230999
0.744895
3.992257
0.476062
1.840454
-1.856103
1.279490
3.063811
-2.820925
3.194873
-0.895308
3.584568
1.349380
-2.796666
0.232130
-0.893956
-1.673509
0.480529
3.950431
3.589751
3.338726
-0.593007
0.413368
0.853240
-0.441924
3.559640
3.510824
-0.850398
3.263819
1.995809
3.899749
1.410871
0.498959
1.870049
3.780465
0.507586
-2.568802
-0.134043
3.705283
0.591274
1.541485
3.503785
-1.633117
0.003145
3.137344
-2.851325
0.404589
1.117836
1.387679
-0.072455
-0.308649
2.258225
-0.305997
2.588048
3.751494
2.337203
3.321111
3.538090
-2.754678
-2.263691
-0.098436
1.380591
-1.381247
1.590979
-1.821491
-0.925436
3.200758
3.609950
2.960400
-1.573319
-2.879057
3.672669
-2.537182
-1.134814
-1.616627
-2.512345
0.755033
3.925380
3.275689
-1.148660
2.840410
1.320688
-1.027702
1.038011
1.300804
-2.836426
3.021515
-1.423545
1.194562
-1.255240
0.170925
-0.070848
0.212065
2.708447
-1.446887
3.017832
0.172200
3.620651
1.599141
-0.318132
3.909991
-2.215855
-1.992312
2.020152
3.470434
0.425248
-2.446641
3.791432
3.239847
2.130381
-0.333388
-0.827201
2.192420
0.299417
2.934312
2.914760
1.529625
-1.999216
-2.022161
-0.822292
3.614486
0.315328
-2.426219
-1.023876
3.054697
1.405172
2.718163
-1.710331
3.183081
-0.445868
2.856438
0.900406
-1.408533
0.460993
-0.254053
3.311097
1.385736
2.562914
3.225261
2.936382
2.473467
-1.692758
3.123543
3.983164
1.716104
-2.286001
3.104598
2.129852
-0.332744
1.061578
-2.994065
-1.825301
1.665861
0.884510
0.480383
-2.812753
2.965782
-0.745796
2.718333
1.518324
-1.223996
-2.687538
-2.860831
2.970460
-2.471541
-2.868435
1.863329
2.531872
1.037345
0.633008
1.377934
0.563038
-2.483816
2.457821
3.438961
-2.831384
-1.396135
-0.195741
1.671603
2.827520
-1.272591
1.435676
-0.487583
-1.936841
1.738802
3.639708
-0.713289
2.808099
3.573061
-2.642015
0.547561
-0.801759
0.659832
1.478569
3.012669
2.967838
1.098907
-1.306925
3.444756
-0.300050
-2.593941
3.354286
1.262784
-0.258284
3.617765
1.606792
-0.873365
3.218152
1.818824
3.155890
-1.990041
-0.581298
-0.083155
3.872530
2.427553
0.845642
3.133856
1.604478
3.665260
0.907518
3.943288
-0.598475
-2.684356
-1.216274
2.981469
0.341226
-0.286192
-1.153870
3.489472
2.082227
-0.598639
-1.542589
2.773415
-1.198393
-0.193229
1.917285
3.370953
-2.595971
-1.294907
2.541695
-0.969079
-0.973701
-1.042294
